30.00 107.00 31.00 107.00 31.00 108.00 30.00 108.00 16 6.3 2014-09-17 1 2012-09-17
30.00 108.00 31.00 108.00 31.00 109.00 30.00 109.00 32 6.3 2014-09-17 2 2012-10-14
30.00 109.00 31.00 109.00 31.00 110.00 30.00 110.00 69 6.4 2014-09-17 3 2012-07-30
30.00 110.00 31.00 110.00 31.00 111.00 30.00 111.00 56 6.4 2014-09-17 4 2012-07-30
30.00 111.00 31.00 111.00 31.00 112.00 30.00 112.00 13 6.4 2014-09-17 5 2013-05-17
30.00 115.00 31.00 115.00 31.00 116.00 30.00 116.00 13 6.3 2014-09-17 6 2012-09-17
31.00 109.00 32.00 109.00 32.00 110.00 31.00 110.00 45 6.3 2014-09-17 7 2012-09-17
31.00 110.00 32.00 110.00 32.00 111.00 31.00 111.00 32 6.4 2014-09-17 8 2013-06-07
31.00 115.00 32.00 115.00 32.00 116.00 31.00 116.00 19 6.3 2014-09-17 9 2012-09-17
31.00 120.00 32.00 120.00 32.00 121.00 31.00 121.00 12 6.4 2014-09-17 10 2012-09-17
32.00 120.00 33.00 120.00 33.00 121.00 32.00 121.00 15 6.4 2014-09-17 11 2012-11-04
33.00 111.00 34.00 111.00 34.00 112.00 33.00 112.00 13 6.3 2014-09-17 12 2012-02-26
33.00 119.00 34.00 119.00 34.00 120.00 33.00 120.00 37 6.4 2014-09-17 13 2012-07-11
33.00 120.00 34.00 120.00 34.00 121.00 33.00 121.00 23 6.4 2014-09-17 14 2012-11-04
33.00 121.00 34.00 121.00 34.00 122.00 33.00 122.00 12 6.4 2014-09-17 15 2012-09-17
34.00 109.00 35.00 109.00 35.00 110.00 34.00 110.00 15 6.3 2014-09-17 16 2012-09-17
34.00 110.00 35.00 110.00 35.00 111.00 34.00 111.00 32 6.3 2014-09-17 17 2012-02-26
34.00 111.00 35.00 111.00 35.00 112.00 34.00 112.00 24 6.4 2014-09-17 18 2012-02-26
34.00 114.00 35.00 114.00 35.00 115.00 34.00 115.00 22 6.4 2014-09-17 19 2012-07-22
34.00 115.00 35.00 115.00 35.00 116.00 34.00 116.00 19 6.3 2014-09-17 20 2013-09-08
34.00 117.00 35.00 117.00 35.00 118.00 34.00 118.00 17 6.2 2014-09-17 21 2012-09-17
34.00 118.00 35.00 118.00 35.00 119.00 34.00 119.00 17 6.3 2014-09-17 22 2012-09-17
34.00 120.00 35.00 120.00 35.00 121.00 34.00 121.00 18 6.4 2014-09-17 23 2013-02-27
34.00 121.00 35.00 121.00 35.00 122.00 34.00 122.00 15 6.4 2014-09-17 24 2013-03-17
35.00 109.00 36.00 109.00 36.00 110.00 35.00 110.00 13 6.3 2014-09-17 25 2012-09-17
35.00 110.00 36.00 110.00 36.00 111.00 35.00 111.00 39 6.3 2014-09-17 26 2012-09-17
35.00 111.00 36.00 111.00 36.00 112.00 35.00 112.00 33 6.4 2014-09-17 27 2012-05-06
35.00 112.00 36.00 112.00 36.00 113.00 35.00 113.00 14 6.3 2014-09-17 28 2012-09-17
35.00 114.00 36.00 114.00 36.00 115.00 35.00 115.00 26 6.4 2014-09-17 29 2012-07-22
35.00 115.00 36.00 115.00 36.00 116.00 35.00 116.00 19 6.3 2014-09-17 30 2012-09-17
35.00 116.00 36.00 116.00 36.00 117.00 35.00 117.00 13 6.2 2014-09-17 31 2012-09-17
35.00 117.00 36.00 117.00 36.00 118.00 35.00 118.00 19 6.2 2014-09-17 32 2012-09-17
36.00 110.00 37.00 110.00 37.00 111.00 36.00 111.00 26 6.3 2014-09-17 33 2012-09-17
36.00 111.00 37.00 111.00 37.00 112.00 36.00 112.00 49 6.4 2014-09-17 34 2013-05-20
36.00 112.00 37.00 112.00 37.00 113.00 36.00 113.00 33 6.4 2014-09-17 35 2013-05-20
36.00 113.00 37.00 113.00 37.00 114.00 36.00 114.00 41 6.4 2014-09-17 36 2012-11-05
36.00 114.00 37.00 114.00 37.00 115.00 36.00 115.00 36 6.4 2014-09-17 37 2012-11-05
36.00 117.00 37.00 117.00 37.00 118.00 36.00 118.00 19 6.3 2014-09-17 38 2012-09-17
36.00 118.00 37.00 118.00 37.00 119.00 36.00 119.00 14 6.3 2014-09-17 39 2012-09-17
36.00 119.00 37.00 119.00 37.00 120.00 36.00 120.00 12 6.2 2014-09-17 40 2012-09-17
37.00 110.00 38.00 110.00 38.00 111.00 37.00 111.00 18 6.4 2014-09-17 41 2012-09-17
37.00 111.00 38.00 111.00 38.00 112.00 37.00 112.00 48 6.4 2014-09-17 42 2013-08-17
37.00 112.00 38.00 112.00 38.00 113.00 37.00 113.00 37 6.4 2014-09-17 43 2013-07-31
37.00 113.00 38.00 113.00 38.00 114.00 37.00 114.00 33 6.4 2014-09-17 44 2012-11-05
37.00 114.00 38.00 114.00 38.00 115.00 37.00 115.00 34 6.4 2014-09-17 45 2012-11-05
37.00 115.00 38.00 115.00 38.00 116.00 37.00 116.00 15 6.2 2014-09-17 46 2012-09-17
37.00 117.00 38.00 117.00 38.00 118.00 37.00 118.00 18 6.3 2014-09-17 47 2012-09-17
37.00 118.00 38.00 118.00 38.00 119.00 37.00 119.00 33 6.4 2014-09-17 48 2012-03-17
37.00 119.00 38.00 119.00 38.00 120.00 37.00 120.00 46 6.4 2014-09-17 49 2012-12-04
37.00 120.00 38.00 120.00 38.00 121.00 37.00 121.00 39 6.3 2014-09-17 50 2012-09-17
38.00 111.00 39.00 111.00 39.00 112.00 38.00 112.00 29 6.4 2014-09-17 51 2012-09-17
38.00 112.00 39.00 112.00 39.00 113.00 38.00 113.00 35 6.4 2014-09-17 52 2012-09-17
38.00 113.00 39.00 113.00 39.00 114.00 38.00 114.00 30 6.3 2014-09-17 53 2012-09-17
38.00 114.00 39.00 114.00 39.00 115.00 38.00 115.00 21 6.3 2014-09-17 54 2012-09-17
38.00 115.00 39.00 115.00 39.00 116.00 38.00 116.00 14 6.3 2014-09-17 55 2012-09-17
38.00 116.00 39.00 116.00 39.00 117.00 38.00 117.00 21 6.4 2014-09-17 56 2012-06-10
38.00 117.00 39.00 117.00 39.00 118.00 38.00 118.00 82 6.4 2014-09-17 57 2012-02-29
38.00 118.00 39.00 118.00 39.00 119.00 38.00 119.00 94 6.4 2014-09-17 58 2012-02-29
38.00 119.00 39.00 119.00 39.00 120.00 38.00 120.00 46 6.4 2014-09-17 59 2012-11-06
38.00 120.00 39.00 120.00 39.00 121.00 38.00 121.00 30 6.3 2014-09-17 60 2012-09-17
38.00 121.00 39.00 121.00 39.00 122.00 38.00 122.00 12 6.3 2014-09-17 61 2012-09-17
39.00 108.00 40.00 108.00 40.00 109.00 39.00 109.00 15 6.4 2014-09-17 62 2012-12-19
39.00 110.00 40.00 110.00 40.00 111.00 39.00 111.00 12 6.4 2014-09-17 63 2012-12-06
39.00 111.00 40.00 111.00 40.00 112.00 39.00 112.00 28 6.4 2014-09-17 64 2012-12-06
39.00 112.00 40.00 112.00 40.00 113.00 39.00 113.00 32 6.3 2014-09-17 65 2012-01-24
39.00 113.00 40.00 113.00 40.00 114.00 39.00 114.00 42 6.3 2014-09-17 66 2012-11-19
39.00 114.00 40.00 114.00 40.00 115.00 39.00 115.00 39 6.3 2014-09-17 67 2012-04-06
39.00 116.00 40.00 116.00 40.00 117.00 39.00 117.00 24 6.4 2014-09-17 68 2013-05-03
39.00 117.00 40.00 117.00 40.00 118.00 39.00 118.00 80 6.4 2014-09-17 69 2012-02-29
39.00 118.00 40.00 118.00 40.00 119.00 39.00 119.00 75 6.4 2014-09-17 70 2012-02-29
39.00 119.00 40.00 119.00 40.00 120.00 39.00 120.00 12 6.3 2014-09-17 71 2012-09-17
39.00 121.00 40.00 121.00 40.00 122.00 39.00 122.00 155 6.4 2014-09-17 72 2012-03-08
39.00 122.00 40.00 122.00 40.00 123.00 39.00 123.00 161 6.4 2014-09-17 73 2012-03-08
39.00 123.00 40.00 123.00 40.00 124.00 39.00 124.00 14 6.4 2014-09-17 74 2012-10-19
40.00 108.00 41.00 108.00 41.00 109.00 40.00 109.00 15 6.4 2014-09-17 75 2012-12-19
40.00 111.00 41.00 111.00 41.00 112.00 40.00 112.00 18 6.4 2014-09-17 76 2012-12-06
40.00 112.00 41.00 112.00 41.00 113.00 40.00 113.00 16 6.3 2014-09-17 77 2012-09-17
40.00 113.00 41.00 113.00 41.00 114.00 40.00 114.00 23 6.4 2014-09-17 78 2012-11-19
40.00 114.00 41.00 114.00 41.00 115.00 40.00 115.00 27 6.4 2014-09-17 79 2012-11-19
40.00 121.00 41.00 121.00 41.00 122.00 40.00 122.00 155 6.4 2014-09-17 80 2012-03-08
40.00 122.00 41.00 122.00 41.00 123.00 40.00 123.00 190 6.4 2014-09-17 81 2012-03-08
40.00 123.00 41.00 123.00 41.00 124.00 40.00 124.00 45 6.4 2014-09-17 82 2012-09-22
41.00 122.00 42.00 122.00 42.00 123.00 41.00 123.00 39 6.4 2014-09-17 83 2012-09-22
41.00 123.00 42.00 123.00 42.00 124.00 41.00 124.00 37 6.4 2014-09-17 84 2012-09-22
