30.00 107.00 31.00 107.00 31.00 108.00 30.00 108.00 18 6.3 2014-12-09 1 2012-12-09
30.00 111.00 31.00 111.00 31.00 112.00 30.00 112.00 14 6.4 2014-12-09 2 2013-05-17
30.00 115.00 31.00 115.00 31.00 116.00 30.00 116.00 26 6.3 2014-12-09 3 2012-12-09
30.00 116.00 31.00 116.00 31.00 117.00 30.00 117.00 24 6.3 2014-12-09 4 2012-12-09
31.00 110.00 32.00 110.00 32.00 111.00 31.00 111.00 34 6.4 2014-12-09 5 2013-06-07
31.00 115.00 32.00 115.00 32.00 116.00 31.00 116.00 32 6.3 2014-12-09 6 2012-12-09
31.00 116.00 32.00 116.00 32.00 117.00 31.00 117.00 26 6.2 2014-12-09 7 2012-12-09
31.00 118.00 32.00 118.00 32.00 119.00 31.00 119.00 11 6.3 2014-12-09 8 2013-10-18
31.00 120.00 32.00 120.00 32.00 121.00 31.00 121.00 15 6.4 2014-12-09 9 2012-12-09
32.00 120.00 33.00 120.00 33.00 121.00 32.00 121.00 17 6.4 2014-12-09 10 2012-11-04
33.00 119.00 34.00 119.00 34.00 120.00 33.00 120.00 38 6.4 2014-12-09 11 2012-07-11
33.00 120.00 34.00 120.00 34.00 121.00 33.00 121.00 24 6.4 2014-12-09 12 2012-11-04
33.00 121.00 34.00 121.00 34.00 122.00 33.00 122.00 12 6.4 2014-12-09 13 2012-12-09
34.00 109.00 35.00 109.00 35.00 110.00 34.00 110.00 16 6.3 2014-12-09 14 2012-12-09
34.00 110.00 35.00 110.00 35.00 111.00 34.00 111.00 33 6.3 2014-12-09 15 2012-02-26
34.00 111.00 35.00 111.00 35.00 112.00 34.00 112.00 25 6.4 2014-12-09 16 2012-02-26
34.00 114.00 35.00 114.00 35.00 115.00 34.00 115.00 25 6.4 2014-12-09 17 2012-07-22
34.00 115.00 35.00 115.00 35.00 116.00 34.00 116.00 21 6.3 2014-12-09 18 2013-09-08
34.00 117.00 35.00 117.00 35.00 118.00 34.00 118.00 22 6.3 2014-12-09 19 2012-12-09
34.00 118.00 35.00 118.00 35.00 119.00 34.00 119.00 17 6.3 2014-12-09 20 2012-12-09
34.00 119.00 35.00 119.00 35.00 120.00 34.00 120.00 15 6.3 2014-12-09 21 2013-02-27
34.00 120.00 35.00 120.00 35.00 121.00 34.00 121.00 19 6.4 2014-12-09 22 2013-02-27
34.00 121.00 35.00 121.00 35.00 122.00 34.00 122.00 15 6.4 2014-12-09 23 2013-03-17
35.00 109.00 36.00 109.00 36.00 110.00 35.00 110.00 14 6.3 2014-12-09 24 2012-12-09
35.00 110.00 36.00 110.00 36.00 111.00 35.00 111.00 40 6.3 2014-12-09 25 2012-12-09
35.00 111.00 36.00 111.00 36.00 112.00 35.00 112.00 34 6.4 2014-12-09 26 2012-05-06
35.00 112.00 36.00 112.00 36.00 113.00 35.00 113.00 18 6.3 2014-12-09 27 2012-12-09
35.00 113.00 36.00 113.00 36.00 114.00 35.00 114.00 23 6.4 2014-12-09 28 2012-07-22
35.00 114.00 36.00 114.00 36.00 115.00 35.00 115.00 31 6.4 2014-12-09 29 2012-07-22
35.00 115.00 36.00 115.00 36.00 116.00 35.00 116.00 21 6.3 2014-12-09 30 2012-12-09
35.00 116.00 36.00 116.00 36.00 117.00 35.00 117.00 16 6.3 2014-12-09 31 2012-12-09
35.00 117.00 36.00 117.00 36.00 118.00 35.00 118.00 22 6.3 2014-12-09 32 2012-12-09
35.00 121.00 36.00 121.00 36.00 122.00 35.00 122.00 23 6.4 2014-12-09 33 2013-05-11
36.00 110.00 37.00 110.00 37.00 111.00 36.00 111.00 28 6.3 2014-12-09 34 2013-10-07
36.00 111.00 37.00 111.00 37.00 112.00 36.00 112.00 56 6.4 2014-12-09 35 2013-05-20
36.00 112.00 37.00 112.00 37.00 113.00 36.00 113.00 41 6.4 2014-12-09 36 2013-05-20
36.00 113.00 37.00 113.00 37.00 114.00 36.00 114.00 46 6.4 2014-12-09 37 2012-11-05
36.00 114.00 37.00 114.00 37.00 115.00 36.00 115.00 41 6.4 2014-12-09 38 2012-11-05
36.00 115.00 37.00 115.00 37.00 116.00 36.00 116.00 13 6.2 2014-12-09 39 2012-12-09
36.00 116.00 37.00 116.00 37.00 117.00 36.00 117.00 15 6.3 2014-12-09 40 2012-12-09
36.00 117.00 37.00 117.00 37.00 118.00 36.00 118.00 23 6.3 2014-12-09 41 2012-12-09
36.00 118.00 37.00 118.00 37.00 119.00 36.00 119.00 17 6.3 2014-12-09 42 2012-12-09
36.00 119.00 37.00 119.00 37.00 120.00 36.00 120.00 17 6.2 2014-12-09 43 2012-12-09
36.00 120.00 37.00 120.00 37.00 121.00 36.00 121.00 30 6.4 2014-12-09 44 2012-12-09
36.00 121.00 37.00 121.00 37.00 122.00 36.00 122.00 28 6.4 2014-12-09 45 2012-12-09
37.00 110.00 38.00 110.00 38.00 111.00 37.00 111.00 20 6.4 2014-12-09 46 2012-12-09
37.00 111.00 38.00 111.00 38.00 112.00 37.00 112.00 55 6.4 2014-12-09 47 2013-08-17
37.00 112.00 38.00 112.00 38.00 113.00 37.00 113.00 42 6.4 2014-12-09 48 2013-07-31
37.00 113.00 38.00 113.00 38.00 114.00 37.00 114.00 33 6.4 2014-12-09 49 2012-11-05
37.00 114.00 38.00 114.00 38.00 115.00 37.00 115.00 36 6.4 2014-12-09 50 2012-11-05
37.00 115.00 38.00 115.00 38.00 116.00 37.00 116.00 19 6.2 2014-12-09 51 2012-12-09
37.00 116.00 38.00 116.00 38.00 117.00 37.00 117.00 15 6.3 2014-12-09 52 2012-12-09
37.00 117.00 38.00 117.00 38.00 118.00 37.00 118.00 22 6.3 2014-12-09 53 2012-12-09
37.00 118.00 38.00 118.00 38.00 119.00 37.00 119.00 36 6.4 2014-12-09 54 2012-03-17
37.00 119.00 38.00 119.00 38.00 120.00 37.00 120.00 56 6.4 2014-12-09 55 2012-12-04
37.00 120.00 38.00 120.00 38.00 121.00 37.00 121.00 48 6.3 2014-12-09 56 2012-12-09
38.00 111.00 39.00 111.00 39.00 112.00 38.00 112.00 31 6.4 2014-12-09 57 2013-11-12
38.00 112.00 39.00 112.00 39.00 113.00 38.00 113.00 38 6.4 2014-12-09 58 2013-11-12
38.00 113.00 39.00 113.00 39.00 114.00 38.00 114.00 34 6.3 2014-12-09 59 2012-12-09
38.00 114.00 39.00 114.00 39.00 115.00 38.00 115.00 24 6.3 2014-12-09 60 2012-12-09
38.00 115.00 39.00 115.00 39.00 116.00 38.00 116.00 17 6.3 2014-12-09 61 2012-12-09
38.00 116.00 39.00 116.00 39.00 117.00 38.00 117.00 25 6.4 2014-12-09 62 2012-06-10
38.00 117.00 39.00 117.00 39.00 118.00 38.00 118.00 90 6.4 2014-12-09 63 2012-02-29
38.00 118.00 39.00 118.00 39.00 119.00 38.00 119.00 102 6.4 2014-12-09 64 2012-02-29
38.00 119.00 39.00 119.00 39.00 120.00 38.00 120.00 52 6.4 2014-12-09 65 2012-11-06
38.00 120.00 39.00 120.00 39.00 121.00 38.00 121.00 36 6.3 2014-12-09 66 2012-12-09
38.00 121.00 39.00 121.00 39.00 122.00 38.00 122.00 16 6.4 2014-12-09 67 2013-09-19
38.00 122.00 39.00 122.00 39.00 123.00 38.00 123.00 13 6.4 2014-12-09 68 2012-10-19
39.00 108.00 40.00 108.00 40.00 109.00 39.00 109.00 17 6.4 2014-12-09 69 2012-12-19
39.00 109.00 40.00 109.00 40.00 110.00 39.00 110.00 11 6.2 2014-12-09 70 2012-12-09
39.00 110.00 40.00 110.00 40.00 111.00 39.00 111.00 13 6.4 2014-12-09 71 2012-12-06
39.00 111.00 40.00 111.00 40.00 112.00 39.00 112.00 30 6.4 2014-12-09 72 2012-12-06
39.00 113.00 40.00 113.00 40.00 114.00 39.00 114.00 48 6.3 2014-12-09 73 2012-11-19
39.00 114.00 40.00 114.00 40.00 115.00 39.00 115.00 45 6.3 2014-12-09 74 2012-04-06
39.00 115.00 40.00 115.00 40.00 116.00 39.00 116.00 25 6.3 2014-12-09 75 2013-01-04
39.00 116.00 40.00 116.00 40.00 117.00 39.00 117.00 27 6.4 2014-12-09 76 2013-05-03
39.00 117.00 40.00 117.00 40.00 118.00 39.00 118.00 87 6.4 2014-12-09 77 2012-02-29
39.00 118.00 40.00 118.00 40.00 119.00 39.00 119.00 83 6.4 2014-12-09 78 2012-02-29
39.00 121.00 40.00 121.00 40.00 122.00 39.00 122.00 178 6.4 2014-12-09 79 2012-03-08
39.00 122.00 40.00 122.00 40.00 123.00 39.00 123.00 184 6.4 2014-12-09 80 2012-03-08
39.00 123.00 40.00 123.00 40.00 124.00 39.00 124.00 14 6.4 2014-12-09 81 2012-10-19
40.00 107.00 41.00 107.00 41.00 108.00 40.00 108.00 11 6.4 2014-12-09 82 2012-12-19
40.00 108.00 41.00 108.00 41.00 109.00 40.00 109.00 17 6.4 2014-12-09 83 2012-12-19
40.00 109.00 41.00 109.00 41.00 110.00 40.00 110.00 11 6.2 2014-12-09 84 2012-12-09
40.00 111.00 41.00 111.00 41.00 112.00 40.00 112.00 19 6.4 2014-12-09 85 2012-12-06
40.00 121.00 41.00 121.00 41.00 122.00 40.00 122.00 176 6.4 2014-12-09 86 2012-03-08
40.00 122.00 41.00 122.00 41.00 123.00 40.00 123.00 212 6.4 2014-12-09 87 2012-03-08
