31.00 114.00 32.00 114.00 32.00 115.00 31.00 115.00 29 6.6 1977-04-29 1 1974-11-12
32.00 119.00 33.00 119.00 33.00 120.00 32.00 120.00 56 6.9 1977-04-29 2 1971-10-20
32.00 120.00 33.00 120.00 33.00 121.00 32.00 121.00 74 6.9 1977-04-29 3 1971-12-07
33.00 119.00 34.00 119.00 34.00 120.00 33.00 120.00 50 6.9 1977-04-29 4 1971-10-20
39.00 121.00 40.00 121.00 40.00 122.00 39.00 122.00 451 7.2 1977-04-29 5 1972-04-15
39.00 122.00 40.00 122.00 40.00 123.00 39.00 123.00 454 7.2 1977-04-29 6 1972-04-15
40.00 108.00 41.00 108.00 41.00 109.00 40.00 109.00 25 6.8 1977-04-29 7 1972-07-05
40.00 110.00 41.00 110.00 41.00 111.00 40.00 111.00 33 7.1 1977-04-29 8 1971-07-17
40.00 121.00 41.00 121.00 41.00 122.00 40.00 122.00 449 7.2 1977-04-29 9 1972-05-26
40.00 122.00 41.00 122.00 41.00 123.00 40.00 123.00 647 7.2 1977-04-29 10 1972-05-26
