30.00 109.00 31.00 109.00 31.00 110.00 30.00 110.00 109 6.4 2015-05-20 1 2012-07-30
30.00 110.00 31.00 110.00 31.00 111.00 30.00 111.00 97 6.4 2015-05-20 2 2012-07-30
30.00 115.00 31.00 115.00 31.00 116.00 30.00 116.00 38 6.3 2015-05-20 3 2013-05-20
30.00 116.00 31.00 116.00 31.00 117.00 30.00 117.00 36 6.3 2015-05-20 4 2013-05-20
31.00 109.00 32.00 109.00 32.00 110.00 31.00 110.00 80 6.4 2015-05-20 5 2013-12-16
31.00 110.00 32.00 110.00 32.00 111.00 31.00 111.00 69 6.4 2015-05-20 6 2013-06-07
31.00 111.00 32.00 111.00 32.00 112.00 31.00 112.00 12 6.4 2015-05-20 7 2013-06-07
31.00 115.00 32.00 115.00 32.00 116.00 31.00 116.00 46 6.3 2015-05-20 8 2013-05-20
31.00 116.00 32.00 116.00 32.00 117.00 31.00 117.00 45 6.3 2015-05-20 9 2013-05-20
31.00 119.00 32.00 119.00 32.00 120.00 31.00 120.00 22 6.4 2015-05-20 10 2013-05-20
31.00 121.00 32.00 121.00 32.00 122.00 31.00 122.00 11 6.4 2015-05-20 11 2012-12-23
33.00 117.00 34.00 117.00 34.00 118.00 33.00 118.00 13 6.3 2015-05-20 12 2013-05-20
34.00 109.00 35.00 109.00 35.00 110.00 34.00 110.00 27 6.3 2015-05-20 13 2013-05-20
34.00 110.00 35.00 110.00 35.00 111.00 34.00 111.00 46 6.3 2015-05-20 14 2012-02-26
34.00 111.00 35.00 111.00 35.00 112.00 34.00 112.00 32 6.4 2015-05-20 15 2012-02-26
34.00 116.00 35.00 116.00 35.00 117.00 34.00 117.00 15 6.3 2015-05-20 16 2013-05-20
34.00 117.00 35.00 117.00 35.00 118.00 34.00 118.00 25 6.3 2015-05-20 17 2013-05-20
34.00 119.00 35.00 119.00 35.00 120.00 34.00 120.00 17 6.3 2015-05-20 18 2013-02-27
35.00 109.00 36.00 109.00 36.00 110.00 35.00 110.00 22 6.3 2015-05-20 19 2013-05-20
35.00 110.00 36.00 110.00 36.00 111.00 35.00 111.00 60 6.3 2015-05-20 20 2013-05-20
35.00 111.00 36.00 111.00 36.00 112.00 35.00 112.00 49 6.4 2015-05-20 21 2012-05-06
35.00 116.00 36.00 116.00 36.00 117.00 35.00 117.00 19 6.4 2015-05-20 22 2014-01-20
35.00 117.00 36.00 117.00 36.00 118.00 35.00 118.00 27 6.4 2015-05-20 23 2014-01-20
35.00 120.00 36.00 120.00 36.00 121.00 35.00 121.00 64 6.4 2015-05-20 24 2013-05-11
35.00 121.00 36.00 121.00 36.00 122.00 35.00 122.00 71 6.4 2015-05-20 25 2013-05-11
36.00 110.00 37.00 110.00 37.00 111.00 36.00 111.00 39 6.3 2015-05-20 26 2013-10-07
36.00 111.00 37.00 111.00 37.00 112.00 36.00 112.00 77 6.4 2015-05-20 27 2013-05-20
36.00 112.00 37.00 112.00 37.00 113.00 36.00 113.00 51 6.4 2015-05-20 28 2013-05-20
36.00 114.00 37.00 114.00 37.00 115.00 36.00 115.00 46 6.4 2015-05-20 29 2012-11-05
36.00 115.00 37.00 115.00 37.00 116.00 36.00 116.00 16 6.2 2015-05-20 30 2013-05-20
36.00 116.00 37.00 116.00 37.00 117.00 36.00 117.00 18 6.4 2015-05-20 31 2013-05-20
36.00 119.00 37.00 119.00 37.00 120.00 36.00 120.00 28 6.3 2015-05-20 32 2013-05-20
36.00 120.00 37.00 120.00 37.00 121.00 36.00 121.00 86 6.4 2015-05-20 33 2014-01-10
37.00 111.00 38.00 111.00 38.00 112.00 37.00 112.00 70 6.4 2015-05-20 34 2013-08-17
37.00 112.00 38.00 112.00 38.00 113.00 37.00 113.00 55 6.4 2015-05-20 35 2013-07-31
37.00 113.00 38.00 113.00 38.00 114.00 37.00 114.00 36 6.4 2015-05-20 36 2012-11-05
37.00 116.00 38.00 116.00 38.00 117.00 37.00 117.00 16 6.3 2015-05-20 37 2013-05-20
37.00 119.00 38.00 119.00 38.00 120.00 37.00 120.00 80 6.4 2015-05-20 38 2012-12-04
37.00 120.00 38.00 120.00 38.00 121.00 37.00 121.00 70 6.3 2015-05-20 39 2014-02-11
38.00 113.00 39.00 113.00 39.00 114.00 38.00 114.00 36 6.3 2015-05-20 40 2013-05-20
38.00 114.00 39.00 114.00 39.00 115.00 38.00 115.00 24 6.3 2015-05-20 41 2013-05-20
38.00 116.00 39.00 116.00 39.00 117.00 38.00 117.00 28 6.4 2015-05-20 42 2012-06-10
38.00 120.00 39.00 120.00 39.00 121.00 38.00 121.00 48 6.3 2015-05-20 43 2014-02-11
38.00 121.00 39.00 121.00 39.00 122.00 38.00 122.00 21 6.4 2015-05-20 44 2013-09-19
39.00 107.00 40.00 107.00 40.00 108.00 39.00 108.00 11 6.4 2015-05-20 45 2012-12-19
39.00 108.00 40.00 108.00 40.00 109.00 39.00 109.00 20 6.4 2015-05-20 46 2012-12-19
39.00 109.00 40.00 109.00 40.00 110.00 39.00 110.00 14 6.2 2015-05-20 47 2013-05-20
39.00 113.00 40.00 113.00 40.00 114.00 39.00 114.00 51 6.3 2015-05-20 48 2012-11-19
39.00 114.00 40.00 114.00 40.00 115.00 39.00 115.00 46 6.3 2015-05-20 49 2012-04-06
39.00 121.00 40.00 121.00 40.00 122.00 39.00 122.00 259 6.4 2015-05-20 50 2012-03-08
39.00 122.00 40.00 122.00 40.00 123.00 39.00 123.00 268 6.4 2015-05-20 51 2012-03-08
40.00 107.00 41.00 107.00 41.00 108.00 40.00 108.00 14 6.4 2015-05-20 52 2012-12-19
40.00 108.00 41.00 108.00 41.00 109.00 40.00 109.00 21 6.4 2015-05-20 53 2012-12-19
40.00 109.00 41.00 109.00 41.00 110.00 40.00 110.00 14 6.2 2015-05-20 54 2013-05-20
40.00 120.00 41.00 120.00 41.00 121.00 40.00 121.00 17 6.3 2015-05-20 55 2013-05-20
40.00 121.00 41.00 121.00 41.00 122.00 40.00 122.00 261 6.4 2015-05-20 56 2012-03-08
40.00 122.00 41.00 122.00 41.00 123.00 40.00 123.00 296 6.4 2015-05-20 57 2012-03-08
41.00 121.00 42.00 121.00 42.00 122.00 41.00 122.00 11 6.3 2015-05-20 58 2013-05-20
