33.00 107.00 34.00 107.00 34.00 108.00 33.00 108.00 42 6.8 1978-05-18 1 1973-11-22
33.00 108.00 34.00 108.00 34.00 109.00 33.00 109.00 45 6.7 1978-05-18 2 1973-11-22
34.00 108.00 35.00 108.00 35.00 109.00 34.00 109.00 35 6.7 1978-05-18 3 1972-11-18
39.00 108.00 40.00 108.00 40.00 109.00 39.00 109.00 43 6.8 1978-05-18 4 1972-11-14
39.00 109.00 40.00 109.00 40.00 110.00 39.00 110.00 37 6.8 1978-05-18 5 1973-03-21
39.00 111.00 40.00 111.00 40.00 112.00 39.00 112.00 203 7.2 1978-05-18 6 1972-07-28
39.00 120.00 40.00 120.00 40.00 121.00 39.00 121.00 45 6.5 1978-05-18 7 1973-06-30
39.00 123.00 40.00 123.00 40.00 124.00 39.00 124.00 42 7.0 1978-05-18 8 1973-10-08
40.00 108.00 41.00 108.00 41.00 109.00 40.00 109.00 45 6.8 1978-05-18 9 1972-11-14
40.00 109.00 41.00 109.00 41.00 110.00 40.00 110.00 38 6.8 1978-05-18 10 1976-04-11
40.00 111.00 41.00 111.00 41.00 112.00 40.00 112.00 175 7.2 1978-05-18 11 1972-08-22
40.00 112.00 41.00 112.00 41.00 113.00 40.00 113.00 182 7.2 1978-05-18 12 1973-04-05
40.00 118.00 41.00 118.00 41.00 119.00 40.00 119.00 47 6.9 1978-05-18 13 1973-02-28
41.00 118.00 42.00 118.00 42.00 119.00 41.00 119.00 19 6.5 1978-05-18 14 1976-08-06
