36.00 111.00 37.00 111.00 37.00 112.00 36.00 112.00 30 7.0 1972-10-26 1 1970-09-06
36.00 112.00 37.00 112.00 37.00 113.00 36.00 113.00 70 7.1 1972-10-26 2 1970-09-06
36.00 113.00 37.00 113.00 37.00 114.00 36.00 114.00 64 7.1 1972-10-26 3 1970-05-11
36.00 114.00 37.00 114.00 37.00 115.00 36.00 115.00 34 6.9 1972-10-26 4 1970-03-07
36.00 115.00 37.00 115.00 37.00 116.00 36.00 116.00 13 6.9 1972-10-26 5 1970-03-07
37.00 111.00 38.00 111.00 38.00 112.00 37.00 112.00 30 6.8 1972-10-26 6 1970-09-06
37.00 112.00 38.00 112.00 38.00 113.00 37.00 113.00 70 7.1 1972-10-26 7 1970-09-06
37.00 113.00 38.00 113.00 38.00 114.00 37.00 114.00 61 7.1 1972-10-26 8 1970-05-11
37.00 114.00 38.00 114.00 38.00 115.00 37.00 115.00 32 7.1 1972-10-26 9 1970-03-07
37.00 115.00 38.00 115.00 38.00 116.00 37.00 116.00 14 6.8 1972-10-26 10 1970-03-07
37.00 118.00 38.00 118.00 38.00 119.00 37.00 119.00 46 7.2 1972-10-26 11 1970-02-07
37.00 119.00 38.00 119.00 38.00 120.00 37.00 120.00 49 7.2 1972-10-26 12 1970-02-07
38.00 118.00 39.00 118.00 39.00 119.00 38.00 119.00 49 7.2 1972-10-26 13 1970-02-07
38.00 119.00 39.00 119.00 39.00 120.00 38.00 120.00 46 7.2 1972-10-26 14 1970-02-07
