30.00 107.00 31.00 107.00 31.00 108.00 30.00 108.00 14 6.3 2014-06-19 1 2012-06-19
30.00 108.00 31.00 108.00 31.00 109.00 30.00 109.00 28 6.3 2014-06-19 2 2012-10-14
30.00 109.00 31.00 109.00 31.00 110.00 30.00 110.00 65 6.4 2014-06-19 3 2012-07-30
30.00 110.00 31.00 110.00 31.00 111.00 30.00 111.00 53 6.4 2014-06-19 4 2012-07-30
30.00 111.00 31.00 111.00 31.00 112.00 30.00 112.00 12 6.4 2014-06-19 5 2013-05-17
31.00 108.00 32.00 108.00 32.00 109.00 31.00 109.00 20 6.3 2014-06-19 6 2012-06-19
31.00 109.00 32.00 109.00 32.00 110.00 31.00 110.00 43 6.3 2014-06-19 7 2012-06-19
31.00 110.00 32.00 110.00 32.00 111.00 31.00 111.00 29 6.4 2014-06-19 8 2013-06-07
31.00 115.00 32.00 115.00 32.00 116.00 31.00 116.00 13 6.3 2014-06-19 9 2012-06-19
31.00 120.00 32.00 120.00 32.00 121.00 31.00 121.00 12 6.4 2014-06-19 10 2012-06-19
32.00 118.00 33.00 118.00 33.00 119.00 32.00 119.00 28 6.4 2014-06-19 11 2012-07-11
32.00 119.00 33.00 119.00 33.00 120.00 32.00 120.00 34 6.4 2014-06-19 12 2012-07-11
32.00 120.00 33.00 120.00 33.00 121.00 32.00 121.00 14 6.4 2014-06-19 13 2012-11-04
33.00 111.00 34.00 111.00 34.00 112.00 33.00 112.00 13 6.3 2014-06-19 14 2012-02-26
33.00 118.00 34.00 118.00 34.00 119.00 33.00 119.00 28 6.4 2014-06-19 15 2012-07-11
33.00 119.00 34.00 119.00 34.00 120.00 33.00 120.00 34 6.4 2014-06-19 16 2012-07-11
33.00 120.00 34.00 120.00 34.00 121.00 33.00 121.00 21 6.4 2014-06-19 17 2012-11-04
33.00 121.00 34.00 121.00 34.00 122.00 33.00 122.00 12 6.4 2014-06-19 18 2012-06-19
34.00 109.00 35.00 109.00 35.00 110.00 34.00 110.00 12 6.3 2014-06-19 19 2012-06-19
34.00 110.00 35.00 110.00 35.00 111.00 34.00 111.00 25 6.3 2014-06-19 20 2012-02-26
34.00 111.00 35.00 111.00 35.00 112.00 34.00 112.00 19 6.4 2014-06-19 21 2012-02-26
34.00 114.00 35.00 114.00 35.00 115.00 34.00 115.00 21 6.4 2014-06-19 22 2012-07-22
34.00 115.00 35.00 115.00 35.00 116.00 34.00 116.00 17 6.3 2014-06-19 23 2012-06-19
34.00 117.00 35.00 117.00 35.00 118.00 34.00 118.00 11 6.2 2014-06-19 24 2012-06-19
34.00 118.00 35.00 118.00 35.00 119.00 34.00 119.00 13 6.3 2014-06-19 25 2012-06-19
34.00 120.00 35.00 120.00 35.00 121.00 34.00 121.00 17 6.4 2014-06-19 26 2013-02-27
34.00 121.00 35.00 121.00 35.00 122.00 34.00 122.00 14 6.4 2014-06-19 27 2013-03-17
35.00 109.00 36.00 109.00 36.00 110.00 35.00 110.00 11 6.3 2014-06-19 28 2012-06-19
35.00 110.00 36.00 110.00 36.00 111.00 35.00 111.00 28 6.3 2014-06-19 29 2012-06-19
35.00 111.00 36.00 111.00 36.00 112.00 35.00 112.00 23 6.4 2014-06-19 30 2012-05-06
35.00 112.00 36.00 112.00 36.00 113.00 35.00 113.00 13 6.3 2014-06-19 31 2012-06-19
35.00 113.00 36.00 113.00 36.00 114.00 35.00 114.00 16 6.4 2014-06-19 32 2012-07-22
35.00 114.00 36.00 114.00 36.00 115.00 35.00 115.00 24 6.4 2014-06-19 33 2012-07-22
35.00 115.00 36.00 115.00 36.00 116.00 35.00 116.00 18 6.3 2014-06-19 34 2012-06-19
35.00 117.00 36.00 117.00 36.00 118.00 35.00 118.00 11 6.2 2014-06-19 35 2012-06-19
36.00 110.00 37.00 110.00 37.00 111.00 36.00 111.00 20 6.3 2014-06-19 36 2012-06-19
36.00 111.00 37.00 111.00 37.00 112.00 36.00 112.00 40 6.3 2014-06-19 37 2013-05-20
36.00 112.00 37.00 112.00 37.00 113.00 36.00 113.00 29 6.3 2014-06-19 38 2013-05-20
36.00 113.00 37.00 113.00 37.00 114.00 36.00 114.00 37 6.4 2014-06-19 39 2012-11-05
36.00 114.00 37.00 114.00 37.00 115.00 36.00 115.00 32 6.4 2014-06-19 40 2012-11-05
36.00 117.00 37.00 117.00 37.00 118.00 36.00 118.00 17 6.3 2014-06-19 41 2012-06-19
36.00 118.00 37.00 118.00 37.00 119.00 36.00 119.00 12 6.3 2014-06-19 42 2012-06-19
36.00 120.00 37.00 120.00 37.00 121.00 36.00 121.00 14 6.2 2014-06-19 43 2012-06-19
36.00 122.00 37.00 122.00 37.00 123.00 36.00 123.00 12 6.4 2014-06-19 44 2012-06-19
37.00 110.00 38.00 110.00 38.00 111.00 37.00 111.00 15 6.3 2014-06-19 45 2012-06-19
37.00 111.00 38.00 111.00 38.00 112.00 37.00 112.00 39 6.3 2014-06-19 46 2012-06-19
37.00 112.00 38.00 112.00 38.00 113.00 37.00 113.00 29 6.3 2014-06-19 47 2012-06-19
37.00 113.00 38.00 113.00 38.00 114.00 37.00 114.00 29 6.4 2014-06-19 48 2012-11-05
37.00 114.00 38.00 114.00 38.00 115.00 37.00 115.00 31 6.4 2014-06-19 49 2012-11-05
37.00 115.00 38.00 115.00 38.00 116.00 37.00 116.00 13 6.2 2014-06-19 50 2012-06-19
37.00 117.00 38.00 117.00 38.00 118.00 37.00 118.00 17 6.3 2014-06-19 51 2012-06-19
37.00 118.00 38.00 118.00 38.00 119.00 37.00 119.00 27 6.4 2014-06-19 52 2012-03-17
37.00 119.00 38.00 119.00 38.00 120.00 37.00 120.00 40 6.4 2014-06-19 53 2012-12-04
37.00 120.00 38.00 120.00 38.00 121.00 37.00 121.00 37 6.3 2014-06-19 54 2012-06-19
38.00 111.00 39.00 111.00 39.00 112.00 38.00 112.00 23 6.4 2014-06-19 55 2012-06-19
38.00 112.00 39.00 112.00 39.00 113.00 38.00 113.00 28 6.4 2014-06-19 56 2012-06-19
38.00 113.00 39.00 113.00 39.00 114.00 38.00 114.00 21 6.3 2014-06-19 57 2012-06-19
38.00 114.00 39.00 114.00 39.00 115.00 38.00 115.00 13 6.3 2014-06-19 58 2012-06-19
38.00 116.00 39.00 116.00 39.00 117.00 38.00 117.00 18 6.4 2014-06-19 59 2012-06-10
38.00 117.00 39.00 117.00 39.00 118.00 38.00 118.00 70 6.4 2014-06-19 60 2012-02-29
38.00 118.00 39.00 118.00 39.00 119.00 38.00 119.00 83 6.4 2014-06-19 61 2012-02-29
38.00 119.00 39.00 119.00 39.00 120.00 38.00 120.00 41 6.4 2014-06-19 62 2012-11-06
38.00 120.00 39.00 120.00 39.00 121.00 38.00 121.00 27 6.3 2014-06-19 63 2012-06-19
39.00 111.00 40.00 111.00 40.00 112.00 39.00 112.00 26 6.4 2014-06-19 64 2012-12-06
39.00 112.00 40.00 112.00 40.00 113.00 39.00 113.00 29 6.3 2014-06-19 65 2012-01-24
39.00 113.00 40.00 113.00 40.00 114.00 39.00 114.00 32 6.3 2014-06-19 66 2012-11-19
39.00 114.00 40.00 114.00 40.00 115.00 39.00 115.00 29 6.3 2014-06-19 67 2012-04-06
39.00 115.00 40.00 115.00 40.00 116.00 39.00 116.00 20 6.3 2014-06-19 68 2013-01-04
39.00 116.00 40.00 116.00 40.00 117.00 39.00 117.00 21 6.4 2014-06-19 69 2013-05-03
39.00 117.00 40.00 117.00 40.00 118.00 39.00 118.00 69 6.4 2014-06-19 70 2012-02-29
39.00 118.00 40.00 118.00 40.00 119.00 39.00 119.00 68 6.4 2014-06-19 71 2012-02-29
39.00 119.00 40.00 119.00 40.00 120.00 39.00 120.00 11 6.3 2014-06-19 72 2012-06-19
39.00 121.00 40.00 121.00 40.00 122.00 39.00 122.00 136 6.4 2014-06-19 73 2012-03-08
39.00 122.00 40.00 122.00 40.00 123.00 39.00 123.00 142 6.4 2014-06-19 74 2012-03-08
39.00 123.00 40.00 123.00 40.00 124.00 39.00 124.00 12 6.4 2014-06-19 75 2012-10-19
40.00 111.00 41.00 111.00 41.00 112.00 40.00 112.00 17 6.4 2014-06-19 76 2012-12-06
40.00 112.00 41.00 112.00 41.00 113.00 40.00 113.00 14 6.3 2014-06-19 77 2012-06-19
40.00 113.00 41.00 113.00 41.00 114.00 40.00 114.00 20 6.4 2014-06-19 78 2012-11-19
40.00 114.00 41.00 114.00 41.00 115.00 40.00 115.00 25 6.4 2014-06-19 79 2012-11-19
40.00 115.00 41.00 115.00 41.00 116.00 40.00 116.00 15 6.3 2014-06-19 80 2013-01-04
40.00 121.00 41.00 121.00 41.00 122.00 40.00 122.00 135 6.4 2014-06-19 81 2012-03-08
40.00 122.00 41.00 122.00 41.00 123.00 40.00 123.00 165 6.4 2014-06-19 82 2012-03-08
40.00 123.00 41.00 123.00 41.00 124.00 40.00 124.00 38 6.4 2014-06-19 83 2012-09-22
41.00 122.00 42.00 122.00 42.00 123.00 41.00 123.00 33 6.4 2014-06-19 84 2012-09-22
41.00 123.00 42.00 123.00 42.00 124.00 41.00 124.00 31 6.4 2014-06-19 85 2012-09-22
