31.00 114.00 32.00 114.00 32.00 115.00 31.00 115.00 30 6.6 1977-07-21 1 1974-11-12
31.00 120.00 32.00 120.00 32.00 121.00 31.00 121.00 33 6.7 1977-07-21 2 1974-03-03
32.00 114.00 33.00 114.00 33.00 115.00 32.00 115.00 17 6.5 1977-07-21 3 1975-06-30
32.00 120.00 33.00 120.00 33.00 121.00 32.00 121.00 73 6.9 1977-07-21 4 1972-06-06
38.00 120.00 39.00 120.00 39.00 121.00 38.00 121.00 216 6.7 1977-07-21 5 1972-07-14
39.00 121.00 40.00 121.00 40.00 122.00 39.00 122.00 489 7.2 1977-07-21 6 1972-05-26
39.00 122.00 40.00 122.00 40.00 123.00 39.00 123.00 496 7.2 1977-07-21 7 1972-04-26
40.00 108.00 41.00 108.00 41.00 109.00 40.00 109.00 31 6.8 1977-07-21 8 1972-07-05
40.00 109.00 41.00 109.00 41.00 110.00 40.00 110.00 29 6.8 1977-07-21 9 1972-07-05
40.00 121.00 41.00 121.00 41.00 122.00 40.00 122.00 487 7.2 1977-07-21 10 1972-05-26
40.00 122.00 41.00 122.00 41.00 123.00 40.00 123.00 690 7.2 1977-07-21 11 1972-05-26
