30.00 107.00 31.00 107.00 31.00 108.00 30.00 108.00 19 6.3 2015-02-26 1 2013-02-26
30.00 109.00 31.00 109.00 31.00 110.00 30.00 110.00 101 6.4 2015-02-26 2 2012-07-30
30.00 110.00 31.00 110.00 31.00 111.00 30.00 111.00 88 6.4 2015-02-26 3 2012-07-30
30.00 111.00 31.00 111.00 31.00 112.00 30.00 112.00 15 6.4 2015-02-26 4 2013-05-17
30.00 115.00 31.00 115.00 31.00 116.00 30.00 116.00 34 6.3 2015-02-26 5 2013-02-26
30.00 116.00 31.00 116.00 31.00 117.00 30.00 117.00 32 6.3 2015-02-26 6 2013-02-26
31.00 109.00 32.00 109.00 32.00 110.00 31.00 110.00 74 6.4 2015-02-26 7 2013-12-16
31.00 110.00 32.00 110.00 32.00 111.00 31.00 111.00 62 6.4 2015-02-26 8 2013-06-07
31.00 111.00 32.00 111.00 32.00 112.00 31.00 112.00 11 6.4 2015-02-26 9 2013-06-07
31.00 115.00 32.00 115.00 32.00 116.00 31.00 116.00 40 6.3 2015-02-26 10 2013-02-26
31.00 116.00 32.00 116.00 32.00 117.00 31.00 117.00 35 6.2 2015-02-26 11 2013-02-26
31.00 118.00 32.00 118.00 32.00 119.00 31.00 119.00 13 6.3 2015-02-26 12 2013-10-18
31.00 121.00 32.00 121.00 32.00 122.00 31.00 122.00 11 6.4 2015-02-26 13 2012-12-23
33.00 117.00 34.00 117.00 34.00 118.00 33.00 118.00 11 6.3 2015-02-26 14 2013-02-26
33.00 120.00 34.00 120.00 34.00 121.00 33.00 121.00 25 6.4 2015-02-26 15 2012-11-04
33.00 121.00 34.00 121.00 34.00 122.00 33.00 122.00 12 6.4 2015-02-26 16 2013-02-26
34.00 109.00 35.00 109.00 35.00 110.00 34.00 110.00 20 6.3 2015-02-26 17 2013-02-26
34.00 110.00 35.00 110.00 35.00 111.00 34.00 111.00 37 6.3 2015-02-26 18 2012-02-26
34.00 111.00 35.00 111.00 35.00 112.00 34.00 112.00 28 6.4 2015-02-26 19 2012-02-26
34.00 116.00 35.00 116.00 35.00 117.00 34.00 117.00 15 6.3 2015-02-26 20 2013-02-26
34.00 117.00 35.00 117.00 35.00 118.00 34.00 118.00 25 6.3 2015-02-26 21 2013-02-26
34.00 118.00 35.00 118.00 35.00 119.00 34.00 119.00 18 6.3 2015-02-26 22 2013-02-26
34.00 119.00 35.00 119.00 35.00 120.00 34.00 120.00 16 6.3 2015-02-26 23 2013-02-27
34.00 120.00 35.00 120.00 35.00 121.00 34.00 121.00 20 6.4 2015-02-26 24 2013-02-27
34.00 121.00 35.00 121.00 35.00 122.00 34.00 122.00 16 6.4 2015-02-26 25 2013-03-17
35.00 109.00 36.00 109.00 36.00 110.00 35.00 110.00 16 6.3 2015-02-26 26 2013-02-26
35.00 110.00 36.00 110.00 36.00 111.00 35.00 111.00 47 6.3 2015-02-26 27 2013-02-26
35.00 111.00 36.00 111.00 36.00 112.00 35.00 112.00 40 6.4 2015-02-26 28 2012-05-06
35.00 116.00 36.00 116.00 36.00 117.00 35.00 117.00 19 6.4 2015-02-26 29 2014-01-20
35.00 117.00 36.00 117.00 36.00 118.00 35.00 118.00 27 6.4 2015-02-26 30 2014-01-20
35.00 118.00 36.00 118.00 36.00 119.00 35.00 119.00 12 6.3 2015-02-26 31 2013-02-26
35.00 121.00 36.00 121.00 36.00 122.00 35.00 122.00 40 6.4 2015-02-26 32 2013-05-11
36.00 110.00 37.00 110.00 37.00 111.00 36.00 111.00 33 6.3 2015-02-26 33 2013-10-07
36.00 111.00 37.00 111.00 37.00 112.00 36.00 112.00 68 6.4 2015-02-26 34 2013-05-20
36.00 112.00 37.00 112.00 37.00 113.00 36.00 113.00 48 6.4 2015-02-26 35 2013-05-20
36.00 113.00 37.00 113.00 37.00 114.00 36.00 114.00 48 6.4 2015-02-26 36 2012-11-05
36.00 114.00 37.00 114.00 37.00 115.00 36.00 115.00 44 6.4 2015-02-26 37 2012-11-05
36.00 115.00 37.00 115.00 37.00 116.00 36.00 116.00 14 6.2 2015-02-26 38 2013-02-26
36.00 116.00 37.00 116.00 37.00 117.00 36.00 117.00 17 6.4 2015-02-26 39 2013-02-26
36.00 117.00 37.00 117.00 37.00 118.00 36.00 118.00 26 6.4 2015-02-26 40 2014-01-20
36.00 118.00 37.00 118.00 37.00 119.00 36.00 119.00 18 6.3 2015-02-26 41 2013-02-26
36.00 119.00 37.00 119.00 37.00 120.00 36.00 120.00 25 6.3 2015-02-26 42 2013-02-26
36.00 120.00 37.00 120.00 37.00 121.00 36.00 121.00 54 6.4 2015-02-26 43 2014-01-10
36.00 121.00 37.00 121.00 37.00 122.00 36.00 122.00 45 6.4 2015-02-26 44 2014-01-10
37.00 110.00 38.00 110.00 38.00 111.00 37.00 111.00 22 6.4 2015-02-26 45 2013-02-26
37.00 111.00 38.00 111.00 38.00 112.00 37.00 112.00 64 6.4 2015-02-26 46 2013-08-17
37.00 112.00 38.00 112.00 38.00 113.00 37.00 113.00 50 6.4 2015-02-26 47 2013-07-31
37.00 113.00 38.00 113.00 38.00 114.00 37.00 114.00 36 6.4 2015-02-26 48 2012-11-05
37.00 114.00 38.00 114.00 38.00 115.00 37.00 115.00 39 6.4 2015-02-26 49 2012-11-05
37.00 115.00 38.00 115.00 38.00 116.00 37.00 116.00 20 6.2 2015-02-26 50 2013-02-26
37.00 116.00 38.00 116.00 38.00 117.00 37.00 117.00 15 6.3 2015-02-26 51 2013-02-26
37.00 117.00 38.00 117.00 38.00 118.00 37.00 118.00 22 6.3 2015-02-26 52 2013-02-26
37.00 119.00 38.00 119.00 38.00 120.00 37.00 120.00 73 6.4 2015-02-26 53 2012-12-04
37.00 120.00 38.00 120.00 38.00 121.00 37.00 121.00 68 6.3 2015-02-26 54 2014-02-11
37.00 121.00 38.00 121.00 38.00 122.00 37.00 122.00 25 6.3 2015-02-26 55 2013-12-23
38.00 111.00 39.00 111.00 39.00 112.00 38.00 112.00 31 6.4 2015-02-26 56 2013-11-12
38.00 112.00 39.00 112.00 39.00 113.00 38.00 113.00 40 6.4 2015-02-26 57 2013-11-12
38.00 113.00 39.00 113.00 39.00 114.00 38.00 114.00 36 6.3 2015-02-26 58 2013-02-26
38.00 114.00 39.00 114.00 39.00 115.00 38.00 115.00 24 6.3 2015-02-26 59 2013-02-26
38.00 115.00 39.00 115.00 39.00 116.00 38.00 116.00 18 6.3 2015-02-26 60 2014-01-18
38.00 116.00 39.00 116.00 39.00 117.00 38.00 117.00 26 6.4 2015-02-26 61 2012-06-10
38.00 117.00 39.00 117.00 39.00 118.00 38.00 118.00 95 6.4 2015-02-26 62 2012-02-29
38.00 119.00 39.00 119.00 39.00 120.00 38.00 120.00 61 6.4 2015-02-26 63 2012-11-06
38.00 120.00 39.00 120.00 39.00 121.00 38.00 121.00 48 6.3 2015-02-26 64 2014-02-11
38.00 121.00 39.00 121.00 39.00 122.00 38.00 122.00 20 6.4 2015-02-26 65 2013-09-19
38.00 122.00 39.00 122.00 39.00 123.00 38.00 123.00 14 6.4 2015-02-26 66 2012-10-19
39.00 107.00 40.00 107.00 40.00 108.00 39.00 108.00 11 6.4 2015-02-26 67 2012-12-19
39.00 108.00 40.00 108.00 40.00 109.00 39.00 109.00 18 6.4 2015-02-26 68 2012-12-19
39.00 109.00 40.00 109.00 40.00 110.00 39.00 110.00 12 6.2 2015-02-26 69 2013-02-26
39.00 113.00 40.00 113.00 40.00 114.00 39.00 114.00 50 6.3 2015-02-26 70 2012-11-19
39.00 114.00 40.00 114.00 40.00 115.00 39.00 115.00 46 6.3 2015-02-26 71 2012-04-06
39.00 116.00 40.00 116.00 40.00 117.00 39.00 117.00 29 6.4 2015-02-26 72 2013-05-03
39.00 117.00 40.00 117.00 40.00 118.00 39.00 118.00 93 6.4 2015-02-26 73 2012-02-29
39.00 118.00 40.00 118.00 40.00 119.00 39.00 119.00 89 6.4 2015-02-26 74 2012-02-29
39.00 121.00 40.00 121.00 40.00 122.00 39.00 122.00 208 6.4 2015-02-26 75 2012-03-08
39.00 122.00 40.00 122.00 40.00 123.00 39.00 123.00 215 6.4 2015-02-26 76 2012-03-08
40.00 107.00 41.00 107.00 41.00 108.00 40.00 108.00 13 6.4 2015-02-26 77 2012-12-19
40.00 108.00 41.00 108.00 41.00 109.00 40.00 109.00 19 6.4 2015-02-26 78 2012-12-19
40.00 109.00 41.00 109.00 41.00 110.00 40.00 110.00 12 6.2 2015-02-26 79 2013-02-26
40.00 110.00 41.00 110.00 41.00 111.00 40.00 111.00 12 6.4 2015-02-26 80 2013-05-09
40.00 119.00 41.00 119.00 41.00 120.00 40.00 120.00 13 6.3 2015-02-26 81 2013-02-26
40.00 120.00 41.00 120.00 41.00 121.00 40.00 121.00 13 6.3 2015-02-26 82 2013-02-26
40.00 121.00 41.00 121.00 41.00 122.00 40.00 122.00 206 6.4 2015-02-26 83 2012-03-08
40.00 122.00 41.00 122.00 41.00 123.00 40.00 123.00 242 6.4 2015-02-26 84 2012-03-08
