30.00 110.00 31.00 110.00 31.00 111.00 30.00 111.00 20 6.7 1973-01-17 1 1971-05-26
30.00 111.00 31.00 111.00 31.00 112.00 30.00 112.00 34 7.0 1973-01-17 2 1970-05-28
31.00 108.00 32.00 108.00 32.00 109.00 31.00 109.00 20 6.6 1973-01-17 3 1971-03-24
31.00 109.00 32.00 109.00 32.00 110.00 31.00 110.00 23 6.6 1973-01-17 4 1971-03-03
31.00 110.00 32.00 110.00 32.00 111.00 31.00 111.00 53 6.7 1973-01-17 5 1970-07-21
31.00 111.00 32.00 111.00 32.00 112.00 31.00 112.00 55 7.0 1973-01-17 6 1970-05-28
32.00 107.00 33.00 107.00 33.00 108.00 32.00 108.00 11 6.6 1973-01-17 7 1971-06-18
32.00 109.00 33.00 109.00 33.00 110.00 32.00 110.00 22 6.6 1973-01-17 8 1971-03-03
32.00 110.00 33.00 110.00 33.00 111.00 32.00 111.00 42 6.9 1973-01-17 9 1970-07-21
32.00 111.00 33.00 111.00 33.00 112.00 32.00 112.00 33 6.9 1973-01-17 10 1970-07-21
33.00 121.00 34.00 121.00 34.00 122.00 33.00 122.00 12 7.0 1973-01-17 11 1970-05-23
34.00 109.00 35.00 109.00 35.00 110.00 34.00 110.00 13 7.0 1973-01-17 12 1970-12-08
34.00 110.00 35.00 110.00 35.00 111.00 34.00 111.00 32 7.1 1973-01-17 13 1970-08-07
34.00 111.00 35.00 111.00 35.00 112.00 34.00 112.00 24 7.1 1973-01-17 14 1970-08-07
34.00 114.00 35.00 114.00 35.00 115.00 34.00 115.00 12 6.8 1973-01-17 15 1970-05-10
34.00 117.00 35.00 117.00 35.00 118.00 34.00 118.00 16 6.6 1973-01-17 16 1970-03-26
34.00 120.00 35.00 120.00 35.00 121.00 34.00 121.00 18 6.8 1973-01-17 17 1971-04-17
34.00 121.00 35.00 121.00 35.00 122.00 34.00 122.00 14 6.8 1973-01-17 18 1971-04-17
35.00 110.00 36.00 110.00 36.00 111.00 35.00 111.00 39 7.1 1973-01-17 19 1970-08-07
35.00 111.00 36.00 111.00 36.00 112.00 35.00 112.00 32 7.1 1973-01-17 20 1970-08-07
35.00 113.00 36.00 113.00 36.00 114.00 35.00 114.00 24 7.1 1973-01-17 21 1970-09-29
35.00 114.00 36.00 114.00 36.00 115.00 35.00 115.00 21 6.9 1973-01-17 22 1970-09-29
35.00 117.00 36.00 117.00 36.00 118.00 35.00 118.00 21 6.6 1973-01-17 23 1970-05-13
35.00 118.00 36.00 118.00 36.00 119.00 35.00 119.00 12 6.6 1973-01-17 24 1971-02-07
35.00 120.00 36.00 120.00 36.00 121.00 35.00 121.00 22 6.6 1973-01-17 25 1972-01-04
35.00 121.00 36.00 121.00 36.00 122.00 35.00 122.00 17 6.9 1973-01-17 26 1971-07-10
36.00 111.00 37.00 111.00 37.00 112.00 36.00 112.00 162 7.1 1973-01-17 27 1970-09-04
36.00 112.00 37.00 112.00 37.00 113.00 36.00 113.00 344 7.1 1973-01-17 28 1970-09-04
36.00 113.00 37.00 113.00 37.00 114.00 36.00 114.00 352 7.1 1973-01-17 29 1970-01-14
36.00 114.00 37.00 114.00 37.00 115.00 36.00 115.00 269 6.9 1973-01-17 30 1970-01-04
36.00 115.00 37.00 115.00 37.00 116.00 36.00 116.00 112 6.9 1973-01-17 31 1970-02-23
36.00 118.00 37.00 118.00 37.00 119.00 36.00 119.00 15 6.5 1973-01-17 32 1970-05-14
36.00 119.00 37.00 119.00 37.00 120.00 36.00 120.00 23 6.6 1973-01-17 33 1970-03-01
36.00 120.00 37.00 120.00 37.00 121.00 36.00 121.00 38 6.6 1973-01-17 34 1970-03-01
36.00 121.00 37.00 121.00 37.00 122.00 36.00 122.00 26 6.9 1973-01-17 35 1970-07-17
37.00 111.00 38.00 111.00 38.00 112.00 37.00 112.00 154 7.1 1973-01-17 36 1970-09-04
37.00 112.00 38.00 112.00 38.00 113.00 37.00 113.00 345 7.1 1973-01-17 37 1970-07-12
37.00 113.00 38.00 113.00 38.00 114.00 37.00 114.00 360 7.1 1973-01-17 38 1970-01-14
37.00 114.00 38.00 114.00 38.00 115.00 37.00 115.00 278 7.1 1973-01-17 39 1970-01-04
37.00 115.00 38.00 115.00 38.00 116.00 37.00 116.00 127 6.8 1973-01-17 40 1970-02-03
37.00 120.00 38.00 120.00 38.00 121.00 37.00 121.00 37 6.6 1973-01-17 41 1970-03-01
38.00 111.00 39.00 111.00 39.00 112.00 38.00 112.00 19 6.9 1973-01-17 42 1970-12-24
38.00 112.00 39.00 112.00 39.00 113.00 38.00 113.00 36 6.9 1973-01-17 43 1970-07-03
38.00 113.00 39.00 113.00 39.00 114.00 38.00 114.00 45 7.1 1973-01-17 44 1970-04-02
38.00 114.00 39.00 114.00 39.00 115.00 38.00 115.00 36 7.1 1973-01-17 45 1971-07-11
38.00 117.00 39.00 117.00 39.00 118.00 38.00 118.00 37 7.1 1973-01-17 46 1970-02-10
38.00 120.00 39.00 120.00 39.00 121.00 38.00 121.00 13 6.6 1973-01-17 47 1970-05-26
39.00 111.00 40.00 111.00 40.00 112.00 39.00 112.00 24 7.1 1973-01-17 48 1970-03-17
39.00 112.00 40.00 112.00 40.00 113.00 39.00 113.00 38 6.9 1973-01-17 49 1970-03-17
39.00 113.00 40.00 113.00 40.00 114.00 39.00 114.00 51 6.6 1973-01-17 50 1970-01-24
39.00 114.00 40.00 114.00 40.00 115.00 39.00 115.00 54 6.7 1973-01-17 51 1970-01-24
39.00 115.00 40.00 115.00 40.00 116.00 39.00 116.00 40 6.7 1973-01-17 52 1970-09-13
39.00 116.00 40.00 116.00 40.00 117.00 39.00 117.00 34 6.6 1973-01-17 53 1970-09-13
39.00 119.00 40.00 119.00 40.00 120.00 39.00 120.00 17 6.4 1973-01-17 54 1970-08-29
40.00 110.00 41.00 110.00 41.00 111.00 40.00 111.00 11 7.1 1973-01-17 55 1970-09-05
40.00 111.00 41.00 111.00 41.00 112.00 40.00 112.00 18 7.1 1973-01-17 56 1970-09-05
40.00 112.00 41.00 112.00 41.00 113.00 40.00 113.00 28 6.7 1973-01-17 57 1970-07-09
40.00 113.00 41.00 113.00 41.00 114.00 40.00 114.00 41 6.7 1973-01-17 58 1970-01-24
40.00 114.00 41.00 114.00 41.00 115.00 40.00 115.00 42 6.7 1973-01-17 59 1970-01-24
40.00 115.00 41.00 115.00 41.00 116.00 40.00 116.00 25 6.7 1973-01-17 60 1970-09-13
40.00 117.00 41.00 117.00 41.00 118.00 40.00 118.00 17 6.7 1973-01-17 61 1970-12-30
40.00 118.00 41.00 118.00 41.00 119.00 40.00 119.00 23 6.7 1973-01-17 62 1970-05-29
40.00 119.00 41.00 119.00 41.00 120.00 40.00 120.00 22 6.5 1973-01-17 63 1970-05-29
41.00 117.00 42.00 117.00 42.00 118.00 41.00 118.00 14 6.7 1973-01-17 64 1970-12-30
41.00 118.00 42.00 118.00 42.00 119.00 41.00 119.00 19 6.7 1973-01-17 65 1970-12-30
