32.00 120.00 33.00 120.00 33.00 121.00 32.00 121.00 19 6.9 1977-07-27 1 1972-06-22
37.00 119.00 38.00 119.00 38.00 120.00 37.00 120.00 41 6.8 1977-07-27 2 1972-02-24
37.00 120.00 38.00 120.00 38.00 121.00 37.00 121.00 21 6.8 1977-07-27 3 1974-10-19
38.00 119.00 39.00 119.00 39.00 120.00 38.00 120.00 36 6.8 1977-07-27 4 1972-02-24
38.00 120.00 39.00 120.00 39.00 121.00 38.00 121.00 17 6.7 1977-07-27 5 1974-10-19
39.00 121.00 40.00 121.00 40.00 122.00 39.00 122.00 187 7.0 1977-07-27 6 1975-02-04
39.00 122.00 40.00 122.00 40.00 123.00 39.00 123.00 194 7.0 1977-07-27 7 1975-02-03
40.00 121.00 41.00 121.00 41.00 122.00 40.00 122.00 187 7.0 1977-07-27 8 1975-02-03
40.00 122.00 41.00 122.00 41.00 123.00 40.00 123.00 212 7.0 1977-07-27 9 1974-12-22
32.00 120.00 33.00 120.00 33.00 121.00 32.00 121.00 19 6.9 1977-07-27 1 1972-06-22
37.00 119.00 38.00 119.00 38.00 120.00 37.00 120.00 41 6.8 1977-07-27 2 1972-02-24
37.00 120.00 38.00 120.00 38.00 121.00 37.00 121.00 21 6.8 1977-07-27 3 1974-10-19
38.00 119.00 39.00 119.00 39.00 120.00 38.00 120.00 36 6.8 1977-07-27 4 1972-02-24
38.00 120.00 39.00 120.00 39.00 121.00 38.00 121.00 17 6.7 1977-07-27 5 1974-10-19
39.00 121.00 40.00 121.00 40.00 122.00 39.00 122.00 187 7.0 1977-07-27 6 1975-02-04
39.00 122.00 40.00 122.00 40.00 123.00 39.00 123.00 194 7.0 1977-07-27 7 1975-02-03
40.00 121.00 41.00 121.00 41.00 122.00 40.00 122.00 187 7.0 1977-07-27 8 1975-02-03
40.00 122.00 41.00 122.00 41.00 123.00 40.00 123.00 212 7.0 1977-07-27 9 1974-12-22
32.00 120.00 33.00 120.00 33.00 121.00 32.00 121.00 19 6.9 1977-07-27 1 1972-06-22
37.00 119.00 38.00 119.00 38.00 120.00 37.00 120.00 41 6.8 1977-07-27 2 1972-02-24
37.00 120.00 38.00 120.00 38.00 121.00 37.00 121.00 21 6.8 1977-07-27 3 1974-10-19
38.00 119.00 39.00 119.00 39.00 120.00 38.00 120.00 36 6.8 1977-07-27 4 1972-02-24
38.00 120.00 39.00 120.00 39.00 121.00 38.00 121.00 17 6.7 1977-07-27 5 1974-10-19
39.00 121.00 40.00 121.00 40.00 122.00 39.00 122.00 187 7.0 1977-07-27 6 1975-02-04
39.00 122.00 40.00 122.00 40.00 123.00 39.00 123.00 194 7.0 1977-07-27 7 1975-02-03
40.00 121.00 41.00 121.00 41.00 122.00 40.00 122.00 187 7.0 1977-07-27 8 1975-02-03
40.00 122.00 41.00 122.00 41.00 123.00 40.00 123.00 212 7.0 1977-07-27 9 1974-12-22
