33.00 108.00 34.00 108.00 34.00 109.00 33.00 109.00 42 6.7 1978-02-11 1 1972-11-18
33.00 110.00 34.00 110.00 34.00 111.00 33.00 111.00 84 6.8 1978-02-11 2 1973-04-15
38.00 120.00 39.00 120.00 39.00 121.00 38.00 121.00 232 6.7 1978-02-11 3 1972-07-14
39.00 108.00 40.00 108.00 40.00 109.00 39.00 109.00 38 6.8 1978-02-11 4 1972-11-14
39.00 109.00 40.00 109.00 40.00 110.00 39.00 110.00 34 6.8 1978-02-11 5 1972-07-05
40.00 108.00 41.00 108.00 41.00 109.00 40.00 109.00 39 6.8 1978-02-11 6 1972-11-14
40.00 109.00 41.00 109.00 41.00 110.00 40.00 110.00 34 6.8 1978-02-11 7 1972-07-05
40.00 110.00 41.00 110.00 41.00 111.00 40.00 111.00 44 7.1 1978-02-11 8 1974-02-22
40.00 118.00 41.00 118.00 41.00 119.00 40.00 119.00 44 6.9 1978-02-11 9 1973-02-28
41.00 121.00 42.00 121.00 42.00 122.00 41.00 122.00 60 6.7 1978-02-11 10 1974-12-09
