37.00 111.00 38.00 111.00 38.00 112.00 37.00 112.00 19 6.8 1978-07-31 1 1972-08-13
38.00 116.00 39.00 116.00 39.00 117.00 38.00 117.00 76 7.0 1978-07-31 2 1973-05-13
38.00 117.00 39.00 117.00 39.00 118.00 38.00 118.00 596 7.0 1978-07-31 3 1974-10-03
38.00 118.00 39.00 118.00 39.00 119.00 38.00 119.00 534 7.0 1978-07-31 4 1973-11-26
39.00 111.00 40.00 111.00 40.00 112.00 39.00 112.00 49 6.9 1978-07-31 5 1973-04-05
39.00 112.00 40.00 112.00 40.00 113.00 39.00 113.00 52 6.9 1978-07-31 6 1973-04-05
39.00 116.00 40.00 116.00 40.00 117.00 39.00 117.00 68 7.0 1978-07-31 7 1975-04-23
39.00 117.00 40.00 117.00 40.00 118.00 39.00 118.00 604 7.0 1978-07-31 8 1974-10-03
39.00 118.00 40.00 118.00 40.00 119.00 39.00 119.00 536 7.0 1978-07-31 9 1974-10-03
40.00 111.00 41.00 111.00 41.00 112.00 40.00 112.00 43 6.9 1978-07-31 10 1976-04-06
40.00 112.00 41.00 112.00 41.00 113.00 40.00 113.00 45 6.9 1978-07-31 11 1974-12-04
40.00 118.00 41.00 118.00 41.00 119.00 40.00 119.00 11 6.9 1978-07-31 12 1976-07-30
40.00 120.00 41.00 120.00 41.00 121.00 40.00 121.00 15 7.0 1978-07-31 13 1976-07-30
