30.00 107.00 31.00 107.00 31.00 108.00 30.00 108.00 17 6.3 2014-11-28 1 2012-11-28
30.00 110.00 31.00 110.00 31.00 111.00 30.00 111.00 59 6.4 2014-11-28 2 2012-07-30
30.00 111.00 31.00 111.00 31.00 112.00 30.00 112.00 14 6.4 2014-11-28 3 2013-05-17
30.00 115.00 31.00 115.00 31.00 116.00 30.00 116.00 26 6.3 2014-11-28 4 2012-11-28
30.00 116.00 31.00 116.00 31.00 117.00 30.00 117.00 24 6.3 2014-11-28 5 2012-11-28
31.00 115.00 32.00 115.00 32.00 116.00 31.00 116.00 32 6.3 2014-11-28 6 2012-11-28
31.00 116.00 32.00 116.00 32.00 117.00 31.00 117.00 26 6.2 2014-11-28 7 2012-11-28
31.00 118.00 32.00 118.00 32.00 119.00 31.00 119.00 11 6.3 2014-11-28 8 2013-10-18
31.00 120.00 32.00 120.00 32.00 121.00 31.00 121.00 15 6.4 2014-11-28 9 2012-11-28
32.00 120.00 33.00 120.00 33.00 121.00 32.00 121.00 17 6.4 2014-11-28 10 2012-11-04
33.00 119.00 34.00 119.00 34.00 120.00 33.00 120.00 38 6.4 2014-11-28 11 2012-07-11
33.00 120.00 34.00 120.00 34.00 121.00 33.00 121.00 24 6.4 2014-11-28 12 2012-11-04
33.00 121.00 34.00 121.00 34.00 122.00 33.00 122.00 12 6.4 2014-11-28 13 2012-11-28
34.00 109.00 35.00 109.00 35.00 110.00 34.00 110.00 16 6.3 2014-11-28 14 2012-11-28
34.00 110.00 35.00 110.00 35.00 111.00 34.00 111.00 33 6.3 2014-11-28 15 2012-02-26
34.00 111.00 35.00 111.00 35.00 112.00 34.00 112.00 25 6.4 2014-11-28 16 2012-02-26
34.00 114.00 35.00 114.00 35.00 115.00 34.00 115.00 25 6.4 2014-11-28 17 2012-07-22
34.00 115.00 35.00 115.00 35.00 116.00 34.00 116.00 21 6.3 2014-11-28 18 2013-09-08
34.00 117.00 35.00 117.00 35.00 118.00 34.00 118.00 21 6.3 2014-11-28 19 2012-11-28
34.00 118.00 35.00 118.00 35.00 119.00 34.00 119.00 17 6.3 2014-11-28 20 2012-11-28
34.00 120.00 35.00 120.00 35.00 121.00 34.00 121.00 19 6.4 2014-11-28 21 2013-02-27
34.00 121.00 35.00 121.00 35.00 122.00 34.00 122.00 15 6.4 2014-11-28 22 2013-03-17
35.00 109.00 36.00 109.00 36.00 110.00 35.00 110.00 14 6.3 2014-11-28 23 2012-11-28
35.00 110.00 36.00 110.00 36.00 111.00 35.00 111.00 40 6.3 2014-11-28 24 2012-11-28
35.00 111.00 36.00 111.00 36.00 112.00 35.00 112.00 34 6.4 2014-11-28 25 2012-05-06
35.00 112.00 36.00 112.00 36.00 113.00 35.00 113.00 17 6.3 2014-11-28 26 2012-11-28
35.00 113.00 36.00 113.00 36.00 114.00 35.00 114.00 21 6.4 2014-11-28 27 2012-07-22
35.00 114.00 36.00 114.00 36.00 115.00 35.00 115.00 29 6.4 2014-11-28 28 2012-07-22
35.00 115.00 36.00 115.00 36.00 116.00 35.00 116.00 20 6.3 2014-11-28 29 2012-11-28
35.00 116.00 36.00 116.00 36.00 117.00 35.00 117.00 15 6.2 2014-11-28 30 2012-11-28
35.00 117.00 36.00 117.00 36.00 118.00 35.00 118.00 21 6.2 2014-11-28 31 2012-11-28
35.00 121.00 36.00 121.00 36.00 122.00 35.00 122.00 23 6.4 2014-11-28 32 2013-05-11
36.00 110.00 37.00 110.00 37.00 111.00 36.00 111.00 28 6.3 2014-11-28 33 2013-10-07
36.00 111.00 37.00 111.00 37.00 112.00 36.00 112.00 56 6.4 2014-11-28 34 2013-05-20
36.00 112.00 37.00 112.00 37.00 113.00 36.00 113.00 40 6.4 2014-11-28 35 2013-05-20
36.00 113.00 37.00 113.00 37.00 114.00 36.00 114.00 44 6.4 2014-11-28 36 2012-11-05
36.00 114.00 37.00 114.00 37.00 115.00 36.00 115.00 38 6.4 2014-11-28 37 2012-11-05
36.00 115.00 37.00 115.00 37.00 116.00 36.00 116.00 11 6.2 2014-11-28 38 2012-11-28
36.00 116.00 37.00 116.00 37.00 117.00 36.00 117.00 14 6.3 2014-11-28 39 2012-11-28
36.00 117.00 37.00 117.00 37.00 118.00 36.00 118.00 22 6.3 2014-11-28 40 2012-11-28
36.00 118.00 37.00 118.00 37.00 119.00 36.00 119.00 17 6.3 2014-11-28 41 2012-11-28
36.00 119.00 37.00 119.00 37.00 120.00 36.00 120.00 16 6.2 2014-11-28 42 2012-11-28
36.00 120.00 37.00 120.00 37.00 121.00 36.00 121.00 29 6.4 2014-11-28 43 2012-11-28
36.00 121.00 37.00 121.00 37.00 122.00 36.00 122.00 28 6.4 2014-11-28 44 2012-11-28
37.00 110.00 38.00 110.00 38.00 111.00 37.00 111.00 20 6.4 2014-11-28 45 2012-11-28
37.00 111.00 38.00 111.00 38.00 112.00 37.00 112.00 55 6.4 2014-11-28 46 2013-08-17
37.00 112.00 38.00 112.00 38.00 113.00 37.00 113.00 42 6.4 2014-11-28 47 2013-07-31
37.00 113.00 38.00 113.00 38.00 114.00 37.00 114.00 33 6.4 2014-11-28 48 2012-11-05
37.00 114.00 38.00 114.00 38.00 115.00 37.00 115.00 35 6.4 2014-11-28 49 2012-11-05
37.00 115.00 38.00 115.00 38.00 116.00 37.00 116.00 18 6.2 2014-11-28 50 2012-11-28
37.00 116.00 38.00 116.00 38.00 117.00 37.00 117.00 15 6.3 2014-11-28 51 2012-11-28
37.00 117.00 38.00 117.00 38.00 118.00 37.00 118.00 22 6.3 2014-11-28 52 2012-11-28
37.00 118.00 38.00 118.00 38.00 119.00 37.00 119.00 36 6.4 2014-11-28 53 2012-03-17
37.00 119.00 38.00 119.00 38.00 120.00 37.00 120.00 50 6.4 2014-11-28 54 2012-12-04
37.00 120.00 38.00 120.00 38.00 121.00 37.00 121.00 41 6.3 2014-11-28 55 2012-11-28
38.00 111.00 39.00 111.00 39.00 112.00 38.00 112.00 31 6.4 2014-11-28 56 2013-11-12
38.00 112.00 39.00 112.00 39.00 113.00 38.00 113.00 38 6.4 2014-11-28 57 2013-11-12
38.00 113.00 39.00 113.00 39.00 114.00 38.00 114.00 33 6.3 2014-11-28 58 2012-11-28
38.00 114.00 39.00 114.00 39.00 115.00 38.00 115.00 23 6.3 2014-11-28 59 2012-11-28
38.00 115.00 39.00 115.00 39.00 116.00 38.00 116.00 17 6.3 2014-11-28 60 2012-11-28
38.00 116.00 39.00 116.00 39.00 117.00 38.00 117.00 25 6.4 2014-11-28 61 2012-06-10
38.00 117.00 39.00 117.00 39.00 118.00 38.00 118.00 89 6.4 2014-11-28 62 2012-02-29
38.00 118.00 39.00 118.00 39.00 119.00 38.00 119.00 101 6.4 2014-11-28 63 2012-02-29
38.00 119.00 39.00 119.00 39.00 120.00 38.00 120.00 47 6.4 2014-11-28 64 2012-11-06
38.00 120.00 39.00 120.00 39.00 121.00 38.00 121.00 30 6.3 2014-11-28 65 2012-11-28
38.00 121.00 39.00 121.00 39.00 122.00 38.00 122.00 14 6.4 2014-11-28 66 2013-09-19
38.00 122.00 39.00 122.00 39.00 123.00 38.00 123.00 12 6.4 2014-11-28 67 2012-10-19
39.00 108.00 40.00 108.00 40.00 109.00 39.00 109.00 17 6.4 2014-11-28 68 2012-12-19
39.00 109.00 40.00 109.00 40.00 110.00 39.00 110.00 11 6.2 2014-11-28 69 2012-11-28
39.00 110.00 40.00 110.00 40.00 111.00 39.00 111.00 13 6.4 2014-11-28 70 2012-12-06
39.00 111.00 40.00 111.00 40.00 112.00 39.00 112.00 30 6.4 2014-11-28 71 2012-12-06
39.00 112.00 40.00 112.00 40.00 113.00 39.00 113.00 34 6.3 2014-11-28 72 2012-01-24
39.00 113.00 40.00 113.00 40.00 114.00 39.00 114.00 47 6.3 2014-11-28 73 2012-11-19
39.00 114.00 40.00 114.00 40.00 115.00 39.00 115.00 44 6.3 2014-11-28 74 2012-04-06
39.00 115.00 40.00 115.00 40.00 116.00 39.00 116.00 25 6.3 2014-11-28 75 2013-01-04
39.00 116.00 40.00 116.00 40.00 117.00 39.00 117.00 27 6.4 2014-11-28 76 2013-05-03
39.00 117.00 40.00 117.00 40.00 118.00 39.00 118.00 86 6.4 2014-11-28 77 2012-02-29
39.00 118.00 40.00 118.00 40.00 119.00 39.00 119.00 82 6.4 2014-11-28 78 2012-02-29
39.00 119.00 40.00 119.00 40.00 120.00 39.00 120.00 13 6.3 2014-11-28 79 2012-11-28
39.00 121.00 40.00 121.00 40.00 122.00 39.00 122.00 177 6.4 2014-11-28 80 2012-03-08
39.00 122.00 40.00 122.00 40.00 123.00 39.00 123.00 183 6.4 2014-11-28 81 2012-03-08
39.00 123.00 40.00 123.00 40.00 124.00 39.00 124.00 14 6.4 2014-11-28 82 2012-10-19
40.00 107.00 41.00 107.00 41.00 108.00 40.00 108.00 11 6.4 2014-11-28 83 2012-12-19
40.00 108.00 41.00 108.00 41.00 109.00 40.00 109.00 17 6.4 2014-11-28 84 2012-12-19
40.00 109.00 41.00 109.00 41.00 110.00 40.00 110.00 11 6.2 2014-11-28 85 2012-11-28
40.00 111.00 41.00 111.00 41.00 112.00 40.00 112.00 19 6.4 2014-11-28 86 2012-12-06
40.00 121.00 41.00 121.00 41.00 122.00 40.00 122.00 176 6.4 2014-11-28 87 2012-03-08
40.00 122.00 41.00 122.00 41.00 123.00 40.00 123.00 212 6.4 2014-11-28 88 2012-03-08
