30.00 107.00 31.00 107.00 31.00 108.00 30.00 108.00 13 6.3 2014-05-27 1 2012-05-27
30.00 108.00 31.00 108.00 31.00 109.00 30.00 109.00 27 6.3 2014-05-27 2 2012-10-14
30.00 109.00 31.00 109.00 31.00 110.00 30.00 110.00 63 6.4 2014-05-27 3 2012-07-30
30.00 110.00 31.00 110.00 31.00 111.00 30.00 111.00 50 6.4 2014-05-27 4 2012-07-30
30.00 111.00 31.00 111.00 31.00 112.00 30.00 112.00 11 6.4 2014-05-27 5 2013-05-17
31.00 108.00 32.00 108.00 32.00 109.00 31.00 109.00 20 6.3 2014-05-27 6 2012-05-27
31.00 109.00 32.00 109.00 32.00 110.00 31.00 110.00 41 6.3 2014-05-27 7 2012-05-27
31.00 110.00 32.00 110.00 32.00 111.00 31.00 111.00 26 6.3 2014-05-27 8 2012-05-27
31.00 115.00 32.00 115.00 32.00 116.00 31.00 116.00 13 6.3 2014-05-27 9 2012-05-27
31.00 119.00 32.00 119.00 32.00 120.00 31.00 120.00 13 6.4 2014-05-27 10 2012-05-27
31.00 120.00 32.00 120.00 32.00 121.00 31.00 121.00 12 6.4 2014-05-27 11 2012-05-27
32.00 118.00 33.00 118.00 33.00 119.00 32.00 119.00 28 6.4 2014-05-27 12 2012-07-11
32.00 119.00 33.00 119.00 33.00 120.00 32.00 120.00 34 6.4 2014-05-27 13 2012-07-11
32.00 120.00 33.00 120.00 33.00 121.00 32.00 121.00 14 6.4 2014-05-27 14 2012-11-04
33.00 111.00 34.00 111.00 34.00 112.00 33.00 112.00 12 6.3 2014-05-27 15 2012-02-26
33.00 118.00 34.00 118.00 34.00 119.00 33.00 119.00 28 6.4 2014-05-27 16 2012-07-11
33.00 119.00 34.00 119.00 34.00 120.00 33.00 120.00 32 6.4 2014-05-27 17 2012-07-11
33.00 120.00 34.00 120.00 34.00 121.00 33.00 121.00 17 6.4 2014-05-27 18 2012-11-04
34.00 110.00 35.00 110.00 35.00 111.00 34.00 111.00 22 6.3 2014-05-27 19 2012-02-26
34.00 111.00 35.00 111.00 35.00 112.00 34.00 112.00 18 6.4 2014-05-27 20 2012-02-26
34.00 114.00 35.00 114.00 35.00 115.00 34.00 115.00 21 6.4 2014-05-27 21 2012-07-22
34.00 115.00 35.00 115.00 35.00 116.00 34.00 116.00 17 6.3 2014-05-27 22 2012-05-27
34.00 117.00 35.00 117.00 35.00 118.00 34.00 118.00 11 6.2 2014-05-27 23 2012-05-27
34.00 118.00 35.00 118.00 35.00 119.00 34.00 119.00 13 6.3 2014-05-27 24 2012-05-27
34.00 120.00 35.00 120.00 35.00 121.00 34.00 121.00 13 6.4 2014-05-27 25 2013-02-27
34.00 121.00 35.00 121.00 35.00 122.00 34.00 122.00 11 6.4 2014-05-27 26 2013-03-17
35.00 110.00 36.00 110.00 36.00 111.00 35.00 111.00 24 6.3 2014-05-27 27 2012-05-27
35.00 111.00 36.00 111.00 36.00 112.00 35.00 112.00 21 6.4 2014-05-27 28 2012-05-06
35.00 112.00 36.00 112.00 36.00 113.00 35.00 113.00 13 6.3 2014-05-27 29 2012-05-27
35.00 113.00 36.00 113.00 36.00 114.00 35.00 114.00 16 6.4 2014-05-27 30 2012-07-22
35.00 114.00 36.00 114.00 36.00 115.00 35.00 115.00 24 6.4 2014-05-27 31 2012-07-22
35.00 115.00 36.00 115.00 36.00 116.00 35.00 116.00 18 6.3 2014-05-27 32 2012-05-27
35.00 117.00 36.00 117.00 36.00 118.00 35.00 118.00 11 6.2 2014-05-27 33 2012-05-27
36.00 110.00 37.00 110.00 37.00 111.00 36.00 111.00 18 6.3 2014-05-27 34 2012-05-27
36.00 111.00 37.00 111.00 37.00 112.00 36.00 112.00 37 6.3 2014-05-27 35 2013-05-20
36.00 112.00 37.00 112.00 37.00 113.00 36.00 113.00 27 6.3 2014-05-27 36 2013-05-20
36.00 113.00 37.00 113.00 37.00 114.00 36.00 114.00 34 6.4 2014-05-27 37 2012-11-05
36.00 114.00 37.00 114.00 37.00 115.00 36.00 115.00 30 6.4 2014-05-27 38 2012-11-05
36.00 120.00 37.00 120.00 37.00 121.00 36.00 121.00 13 6.2 2014-05-27 39 2012-05-27
36.00 122.00 37.00 122.00 37.00 123.00 36.00 123.00 12 6.4 2014-05-27 40 2012-05-27
37.00 110.00 38.00 110.00 38.00 111.00 37.00 111.00 14 6.2 2014-05-27 41 2012-05-27
37.00 111.00 38.00 111.00 38.00 112.00 37.00 112.00 37 6.3 2014-05-27 42 2012-05-27
37.00 112.00 38.00 112.00 38.00 113.00 37.00 113.00 27 6.3 2014-05-27 43 2012-05-27
37.00 113.00 38.00 113.00 38.00 114.00 37.00 114.00 25 6.4 2014-05-27 44 2012-11-05
37.00 114.00 38.00 114.00 38.00 115.00 37.00 115.00 28 6.4 2014-05-27 45 2012-11-05
37.00 118.00 38.00 118.00 38.00 119.00 37.00 119.00 27 6.4 2014-05-27 46 2012-03-17
37.00 119.00 38.00 119.00 38.00 120.00 37.00 120.00 40 6.4 2014-05-27 47 2012-12-04
37.00 120.00 38.00 120.00 38.00 121.00 37.00 121.00 36 6.3 2014-05-27 48 2012-05-27
38.00 111.00 39.00 111.00 39.00 112.00 38.00 112.00 22 6.3 2014-05-27 49 2012-05-27
38.00 112.00 39.00 112.00 39.00 113.00 38.00 113.00 27 6.3 2014-05-27 50 2012-05-27
38.00 113.00 39.00 113.00 39.00 114.00 38.00 114.00 20 6.3 2014-05-27 51 2012-05-27
38.00 117.00 39.00 117.00 39.00 118.00 38.00 118.00 64 6.4 2014-05-27 52 2012-02-29
38.00 118.00 39.00 118.00 39.00 119.00 38.00 119.00 79 6.4 2014-05-27 53 2012-02-29
38.00 119.00 39.00 119.00 39.00 120.00 38.00 120.00 41 6.4 2014-05-27 54 2012-11-06
38.00 120.00 39.00 120.00 39.00 121.00 38.00 121.00 27 6.3 2014-05-27 55 2012-05-27
39.00 111.00 40.00 111.00 40.00 112.00 39.00 112.00 25 6.4 2014-05-27 56 2012-12-06
39.00 112.00 40.00 112.00 40.00 113.00 39.00 113.00 29 6.3 2014-05-27 57 2012-01-24
39.00 113.00 40.00 113.00 40.00 114.00 39.00 114.00 30 6.3 2014-05-27 58 2012-11-19
39.00 114.00 40.00 114.00 40.00 115.00 39.00 115.00 27 6.3 2014-05-27 59 2012-04-06
39.00 115.00 40.00 115.00 40.00 116.00 39.00 116.00 20 6.3 2014-05-27 60 2013-01-04
39.00 116.00 40.00 116.00 40.00 117.00 39.00 117.00 20 6.4 2014-05-27 61 2013-05-03
39.00 117.00 40.00 117.00 40.00 118.00 39.00 118.00 64 6.4 2014-05-27 62 2012-02-29
39.00 118.00 40.00 118.00 40.00 119.00 39.00 119.00 64 6.4 2014-05-27 63 2012-02-29
39.00 119.00 40.00 119.00 40.00 120.00 39.00 120.00 11 6.3 2014-05-27 64 2012-05-27
39.00 121.00 40.00 121.00 40.00 122.00 39.00 122.00 133 6.4 2014-05-27 65 2012-03-08
39.00 122.00 40.00 122.00 40.00 123.00 39.00 123.00 139 6.4 2014-05-27 66 2012-03-08
40.00 111.00 41.00 111.00 41.00 112.00 40.00 112.00 16 6.4 2014-05-27 67 2012-12-06
40.00 112.00 41.00 112.00 41.00 113.00 40.00 113.00 14 6.3 2014-05-27 68 2012-05-27
40.00 113.00 41.00 113.00 41.00 114.00 40.00 114.00 18 6.4 2014-05-27 69 2012-11-19
40.00 114.00 41.00 114.00 41.00 115.00 40.00 115.00 23 6.4 2014-05-27 70 2012-11-19
40.00 115.00 41.00 115.00 41.00 116.00 40.00 116.00 15 6.3 2014-05-27 71 2013-01-04
40.00 121.00 41.00 121.00 41.00 122.00 40.00 122.00 132 6.4 2014-05-27 72 2012-03-08
40.00 122.00 41.00 122.00 41.00 123.00 40.00 123.00 162 6.4 2014-05-27 73 2012-03-08
40.00 123.00 41.00 123.00 41.00 124.00 40.00 124.00 38 6.4 2014-05-27 74 2012-09-22
41.00 122.00 42.00 122.00 42.00 123.00 41.00 123.00 33 6.4 2014-05-27 75 2012-09-22
41.00 123.00 42.00 123.00 42.00 124.00 41.00 124.00 31 6.4 2014-05-27 76 2012-09-22
