30.00 110.00 31.00 110.00 31.00 111.00 30.00 111.00 15 6.7 1972-10-26 1 1971-05-26
30.00 111.00 31.00 111.00 31.00 112.00 30.00 112.00 28 7.0 1972-10-26 2 1970-05-28
31.00 108.00 32.00 108.00 32.00 109.00 31.00 109.00 17 6.6 1972-10-26 3 1971-03-24
31.00 109.00 32.00 109.00 32.00 110.00 31.00 110.00 19 6.6 1972-10-26 4 1971-03-03
31.00 110.00 32.00 110.00 32.00 111.00 31.00 111.00 40 6.7 1972-10-26 5 1970-07-21
31.00 111.00 32.00 111.00 32.00 112.00 31.00 112.00 46 7.0 1972-10-26 6 1970-05-28
32.00 109.00 33.00 109.00 33.00 110.00 32.00 110.00 18 6.6 1972-10-26 7 1971-03-03
32.00 110.00 33.00 110.00 33.00 111.00 32.00 111.00 31 6.9 1972-10-26 8 1970-07-21
32.00 111.00 33.00 111.00 33.00 112.00 32.00 112.00 25 6.9 1972-10-26 9 1970-07-21
32.00 119.00 33.00 119.00 33.00 120.00 32.00 120.00 16 7.1 1972-10-26 10 1970-10-29
32.00 120.00 33.00 120.00 33.00 121.00 32.00 121.00 15 6.9 1972-10-26 11 1970-05-23
33.00 120.00 34.00 120.00 34.00 121.00 33.00 121.00 19 7.0 1972-10-26 12 1970-11-13
34.00 108.00 35.00 108.00 35.00 109.00 34.00 109.00 11 6.3 1972-10-26 13 1970-07-31
34.00 109.00 35.00 109.00 35.00 110.00 34.00 110.00 11 7.0 1972-10-26 14 1970-12-08
34.00 110.00 35.00 110.00 35.00 111.00 34.00 111.00 30 7.1 1972-10-26 15 1970-08-07
34.00 111.00 35.00 111.00 35.00 112.00 34.00 112.00 22 7.1 1972-10-26 16 1970-08-07
34.00 117.00 35.00 117.00 35.00 118.00 34.00 118.00 13 6.6 1972-10-26 17 1970-03-26
34.00 120.00 35.00 120.00 35.00 121.00 34.00 121.00 16 6.8 1972-10-26 18 1971-04-17
34.00 121.00 35.00 121.00 35.00 122.00 34.00 122.00 12 6.8 1972-10-26 19 1971-04-17
35.00 110.00 36.00 110.00 36.00 111.00 35.00 111.00 35 7.1 1972-10-26 20 1970-08-07
35.00 111.00 36.00 111.00 36.00 112.00 35.00 112.00 27 7.1 1972-10-26 21 1970-08-07
35.00 113.00 36.00 113.00 36.00 114.00 35.00 114.00 22 7.1 1972-10-26 22 1970-09-29
35.00 114.00 36.00 114.00 36.00 115.00 35.00 115.00 18 6.9 1972-10-26 23 1970-09-29
35.00 117.00 36.00 117.00 36.00 118.00 35.00 118.00 17 6.6 1972-10-26 24 1970-05-13
35.00 120.00 36.00 120.00 36.00 121.00 35.00 121.00 18 6.4 1972-10-26 25 1970-10-27
36.00 112.00 37.00 112.00 37.00 113.00 36.00 113.00 262 7.1 1972-10-26 26 1970-09-04
36.00 113.00 37.00 113.00 37.00 114.00 36.00 114.00 327 7.1 1972-10-26 27 1970-01-14
36.00 114.00 37.00 114.00 37.00 115.00 36.00 115.00 257 6.9 1972-10-26 28 1970-01-04
36.00 115.00 37.00 115.00 37.00 116.00 36.00 116.00 109 6.9 1972-10-26 29 1970-02-23
36.00 117.00 37.00 117.00 37.00 118.00 36.00 118.00 13 6.6 1972-10-26 30 1970-08-14
36.00 118.00 37.00 118.00 37.00 119.00 36.00 119.00 13 6.5 1972-10-26 31 1970-05-14
36.00 119.00 37.00 119.00 37.00 120.00 36.00 120.00 21 6.6 1972-10-26 32 1970-03-01
36.00 120.00 37.00 120.00 37.00 121.00 36.00 121.00 35 6.6 1972-10-26 33 1970-03-01
36.00 121.00 37.00 121.00 37.00 122.00 36.00 122.00 24 6.9 1972-10-26 34 1970-07-17
37.00 112.00 38.00 112.00 38.00 113.00 37.00 113.00 265 7.1 1972-10-26 35 1970-07-12
37.00 113.00 38.00 113.00 38.00 114.00 37.00 114.00 324 7.1 1972-10-26 36 1970-01-14
37.00 114.00 38.00 114.00 38.00 115.00 37.00 115.00 256 7.1 1972-10-26 37 1970-01-04
37.00 115.00 38.00 115.00 38.00 116.00 37.00 116.00 122 6.8 1972-10-26 38 1970-02-03
37.00 116.00 38.00 116.00 38.00 117.00 37.00 117.00 18 6.6 1972-10-26 39 1970-02-03
37.00 118.00 38.00 118.00 38.00 119.00 37.00 119.00 66 7.2 1972-10-26 40 1970-01-09
37.00 119.00 38.00 119.00 38.00 120.00 37.00 120.00 79 7.2 1972-10-26 41 1970-01-09
37.00 120.00 38.00 120.00 38.00 121.00 37.00 121.00 37 6.6 1972-10-26 42 1970-03-01
37.00 121.00 38.00 121.00 38.00 122.00 37.00 122.00 22 6.5 1972-10-26 43 1970-10-22
38.00 111.00 39.00 111.00 39.00 112.00 38.00 112.00 17 6.9 1972-10-26 44 1970-12-24
38.00 112.00 39.00 112.00 39.00 113.00 38.00 113.00 30 6.9 1972-10-26 45 1970-07-03
38.00 113.00 39.00 113.00 39.00 114.00 38.00 114.00 32 7.1 1972-10-26 46 1970-04-02
38.00 114.00 39.00 114.00 39.00 115.00 38.00 115.00 26 7.1 1972-10-26 47 1971-07-11
38.00 115.00 39.00 115.00 39.00 116.00 38.00 116.00 36 6.6 1972-10-26 48 1970-02-03
38.00 116.00 39.00 116.00 39.00 117.00 38.00 117.00 40 6.6 1972-10-26 49 1970-02-03
38.00 117.00 39.00 117.00 39.00 118.00 38.00 118.00 32 7.1 1972-10-26 50 1970-02-10
38.00 118.00 39.00 118.00 39.00 119.00 38.00 119.00 76 7.2 1972-10-26 51 1970-01-09
38.00 119.00 39.00 119.00 39.00 120.00 38.00 120.00 66 7.2 1972-10-26 52 1970-01-09
38.00 120.00 39.00 120.00 39.00 121.00 38.00 121.00 13 6.6 1972-10-26 53 1970-05-26
39.00 111.00 40.00 111.00 40.00 112.00 39.00 112.00 23 7.1 1972-10-26 54 1970-03-17
39.00 112.00 40.00 112.00 40.00 113.00 39.00 113.00 33 6.9 1972-10-26 55 1970-03-17
39.00 113.00 40.00 113.00 40.00 114.00 39.00 114.00 44 6.6 1972-10-26 56 1970-01-24
39.00 114.00 40.00 114.00 40.00 115.00 39.00 115.00 49 6.7 1972-10-26 57 1970-01-24
39.00 115.00 40.00 115.00 40.00 116.00 39.00 116.00 37 6.7 1972-10-26 58 1970-09-13
39.00 116.00 40.00 116.00 40.00 117.00 39.00 117.00 30 6.6 1972-10-26 59 1970-09-13
39.00 119.00 40.00 119.00 40.00 120.00 39.00 120.00 16 6.4 1972-10-26 60 1970-08-29
39.00 120.00 40.00 120.00 40.00 121.00 39.00 121.00 13 6.4 1972-10-26 61 1970-10-27
40.00 107.00 41.00 107.00 41.00 108.00 40.00 108.00 12 7.0 1972-10-26 62 1970-07-21
40.00 110.00 41.00 110.00 41.00 111.00 40.00 111.00 11 7.1 1972-10-26 63 1970-09-05
40.00 111.00 41.00 111.00 41.00 112.00 40.00 112.00 17 7.1 1972-10-26 64 1970-09-05
40.00 112.00 41.00 112.00 41.00 113.00 40.00 113.00 24 6.7 1972-10-26 65 1970-07-09
40.00 113.00 41.00 113.00 41.00 114.00 40.00 114.00 35 6.7 1972-10-26 66 1970-01-24
40.00 114.00 41.00 114.00 41.00 115.00 40.00 115.00 37 6.7 1972-10-26 67 1970-01-24
40.00 115.00 41.00 115.00 41.00 116.00 40.00 116.00 22 6.7 1972-10-26 68 1970-09-13
40.00 117.00 41.00 117.00 41.00 118.00 40.00 118.00 16 6.7 1972-10-26 69 1970-12-30
40.00 118.00 41.00 118.00 41.00 119.00 40.00 119.00 21 6.7 1972-10-26 70 1970-05-29
40.00 119.00 41.00 119.00 41.00 120.00 40.00 120.00 20 6.5 1972-10-26 71 1970-05-29
40.00 120.00 41.00 120.00 41.00 121.00 40.00 121.00 16 6.5 1972-10-26 72 1970-07-21
41.00 118.00 42.00 118.00 42.00 119.00 41.00 119.00 17 6.7 1972-10-26 73 1970-12-30
