36.00 113.00 37.00 113.00 37.00 114.00 36.00 114.00 99 6.8 1972-01-25 1 1970-01-14
36.00 114.00 37.00 114.00 37.00 115.00 36.00 115.00 160 7.1 1972-01-25 2 1970-01-04
36.00 115.00 37.00 115.00 37.00 116.00 36.00 116.00 62 7.1 1972-01-25 3 1970-02-23
37.00 113.00 38.00 113.00 38.00 114.00 37.00 114.00 100 6.8 1972-01-25 4 1970-01-14
37.00 114.00 38.00 114.00 38.00 115.00 37.00 115.00 158 7.1 1972-01-25 5 1970-01-04
37.00 115.00 38.00 115.00 38.00 116.00 37.00 116.00 74 7.1 1972-01-25 6 1970-02-03
37.00 118.00 38.00 118.00 38.00 119.00 37.00 119.00 43 7.2 1972-01-25 7 1970-01-09
37.00 119.00 38.00 119.00 38.00 120.00 37.00 120.00 49 7.2 1972-01-25 8 1970-01-09
38.00 116.00 39.00 116.00 39.00 117.00 38.00 117.00 28 6.6 1972-01-25 9 1970-02-03
38.00 118.00 39.00 118.00 39.00 119.00 38.00 119.00 51 7.2 1972-01-25 10 1970-01-09
38.00 119.00 39.00 119.00 39.00 120.00 38.00 120.00 43 7.2 1972-01-25 11 1970-01-09
39.00 113.00 40.00 113.00 40.00 114.00 39.00 114.00 20 6.6 1972-01-25 12 1970-01-24
39.00 114.00 40.00 114.00 40.00 115.00 39.00 115.00 25 6.6 1972-01-25 13 1970-01-24
40.00 113.00 41.00 113.00 41.00 114.00 40.00 114.00 20 6.7 1972-01-25 14 1970-01-24
40.00 114.00 41.00 114.00 41.00 115.00 40.00 115.00 23 6.6 1972-01-25 15 1970-01-24
