30.00 111.00 31.00 111.00 31.00 112.00 30.00 112.00 25 7.0 1972-07-28 1 1970-05-28
30.00 112.00 31.00 112.00 31.00 113.00 30.00 113.00 12 7.0 1972-07-28 2 1970-05-28
31.00 108.00 32.00 108.00 32.00 109.00 31.00 109.00 16 6.6 1972-07-28 3 1971-03-24
31.00 109.00 32.00 109.00 32.00 110.00 31.00 110.00 19 6.6 1972-07-28 4 1971-03-03
31.00 110.00 32.00 110.00 32.00 111.00 31.00 111.00 31 6.7 1972-07-28 5 1970-07-21
31.00 111.00 32.00 111.00 32.00 112.00 31.00 112.00 34 7.0 1972-07-28 6 1970-05-28
31.00 112.00 32.00 112.00 32.00 113.00 31.00 113.00 12 7.0 1972-07-28 7 1970-05-28
32.00 108.00 33.00 108.00 33.00 109.00 32.00 109.00 16 6.6 1972-07-28 8 1971-06-18
32.00 109.00 33.00 109.00 33.00 110.00 32.00 110.00 18 6.6 1972-07-28 9 1971-03-03
32.00 110.00 33.00 110.00 33.00 111.00 32.00 111.00 22 6.9 1972-07-28 10 1970-07-21
32.00 111.00 33.00 111.00 33.00 112.00 32.00 112.00 13 6.9 1972-07-28 11 1970-07-21
32.00 119.00 33.00 119.00 33.00 120.00 32.00 120.00 13 7.1 1972-07-28 12 1970-10-29
32.00 120.00 33.00 120.00 33.00 121.00 32.00 121.00 15 6.9 1972-07-28 13 1970-05-23
33.00 120.00 34.00 120.00 34.00 121.00 33.00 121.00 17 7.0 1972-07-28 14 1970-11-13
34.00 108.00 35.00 108.00 35.00 109.00 34.00 109.00 11 6.3 1972-07-28 15 1970-07-31
34.00 110.00 35.00 110.00 35.00 111.00 34.00 111.00 13 7.1 1972-07-28 16 1970-08-07
34.00 115.00 35.00 115.00 35.00 116.00 34.00 116.00 29 6.5 1972-07-28 17 1970-08-10
34.00 116.00 35.00 116.00 35.00 117.00 34.00 117.00 30 6.6 1972-07-28 18 1970-03-26
34.00 117.00 35.00 117.00 35.00 118.00 34.00 118.00 12 6.6 1972-07-28 19 1970-03-26
34.00 120.00 35.00 120.00 35.00 121.00 34.00 121.00 12 6.8 1972-07-28 20 1971-04-17
35.00 110.00 36.00 110.00 36.00 111.00 35.00 111.00 16 7.1 1972-07-28 21 1970-08-07
35.00 113.00 36.00 113.00 36.00 114.00 35.00 114.00 17 7.1 1972-07-28 22 1970-09-29
35.00 114.00 36.00 114.00 36.00 115.00 35.00 115.00 14 6.9 1972-07-28 23 1970-09-29
35.00 115.00 36.00 115.00 36.00 116.00 35.00 116.00 33 6.9 1972-07-28 24 1970-08-10
35.00 116.00 36.00 116.00 36.00 117.00 35.00 117.00 32 6.6 1972-07-28 25 1970-08-10
35.00 117.00 36.00 117.00 36.00 118.00 35.00 118.00 17 6.6 1972-07-28 26 1970-05-13
35.00 120.00 36.00 120.00 36.00 121.00 35.00 121.00 15 6.4 1972-07-28 27 1970-07-29
35.00 121.00 36.00 121.00 36.00 122.00 35.00 122.00 13 6.9 1972-07-28 28 1971-07-10
36.00 113.00 37.00 113.00 37.00 114.00 36.00 114.00 283 7.1 1972-07-28 29 1970-01-14
36.00 114.00 37.00 114.00 37.00 115.00 36.00 115.00 217 6.9 1972-07-28 30 1970-01-04
36.00 115.00 37.00 115.00 37.00 116.00 36.00 116.00 87 6.9 1972-07-28 31 1970-02-23
36.00 117.00 37.00 117.00 37.00 118.00 36.00 118.00 13 6.6 1972-07-28 32 1970-08-14
36.00 118.00 37.00 118.00 37.00 119.00 36.00 119.00 13 6.5 1972-07-28 33 1970-05-14
36.00 119.00 37.00 119.00 37.00 120.00 36.00 120.00 20 6.6 1972-07-28 34 1970-03-01
36.00 120.00 37.00 120.00 37.00 121.00 36.00 121.00 34 6.6 1972-07-28 35 1970-03-01
36.00 121.00 37.00 121.00 37.00 122.00 36.00 122.00 24 6.9 1972-07-28 36 1970-07-17
37.00 112.00 38.00 112.00 38.00 113.00 37.00 113.00 232 7.1 1972-07-28 37 1970-07-12
37.00 113.00 38.00 113.00 38.00 114.00 37.00 114.00 281 7.1 1972-07-28 38 1970-01-14
37.00 114.00 38.00 114.00 38.00 115.00 37.00 115.00 216 6.8 1972-07-28 39 1970-01-04
37.00 115.00 38.00 115.00 38.00 116.00 37.00 116.00 101 6.8 1972-07-28 40 1970-02-03
37.00 116.00 38.00 116.00 38.00 117.00 37.00 117.00 18 6.6 1972-07-28 41 1970-02-03
37.00 118.00 38.00 118.00 38.00 119.00 37.00 119.00 64 7.2 1972-07-28 42 1970-01-09
37.00 119.00 38.00 119.00 38.00 120.00 37.00 120.00 77 7.2 1972-07-28 43 1970-01-09
37.00 120.00 38.00 120.00 38.00 121.00 37.00 121.00 35 6.6 1972-07-28 44 1970-03-01
37.00 121.00 38.00 121.00 38.00 122.00 37.00 122.00 21 6.5 1972-07-28 45 1970-10-22
38.00 112.00 39.00 112.00 39.00 113.00 38.00 113.00 29 6.9 1972-07-28 46 1970-07-03
38.00 113.00 39.00 113.00 39.00 114.00 38.00 114.00 24 6.8 1972-07-28 47 1970-04-02
38.00 114.00 39.00 114.00 39.00 115.00 38.00 115.00 19 6.8 1972-07-28 48 1971-07-11
38.00 115.00 39.00 115.00 39.00 116.00 38.00 116.00 35 6.6 1972-07-28 49 1970-02-03
38.00 116.00 39.00 116.00 39.00 117.00 38.00 117.00 38 6.6 1972-07-28 50 1970-02-03
38.00 117.00 39.00 117.00 39.00 118.00 38.00 118.00 29 7.1 1972-07-28 51 1970-02-10
38.00 118.00 39.00 118.00 39.00 119.00 38.00 119.00 72 7.2 1972-07-28 52 1970-01-09
38.00 119.00 39.00 119.00 39.00 120.00 38.00 120.00 63 7.2 1972-07-28 53 1970-01-09
38.00 120.00 39.00 120.00 39.00 121.00 38.00 121.00 11 6.6 1972-07-28 54 1970-05-26
39.00 111.00 40.00 111.00 40.00 112.00 39.00 112.00 22 7.1 1972-07-28 55 1970-03-17
39.00 112.00 40.00 112.00 40.00 113.00 39.00 113.00 29 6.9 1972-07-28 56 1970-03-17
39.00 113.00 40.00 113.00 40.00 114.00 39.00 114.00 36 6.6 1972-07-28 57 1970-01-24
39.00 114.00 40.00 114.00 40.00 115.00 39.00 115.00 42 6.6 1972-07-28 58 1970-01-24
39.00 115.00 40.00 115.00 40.00 116.00 39.00 116.00 34 6.6 1972-07-28 59 1970-09-13
39.00 116.00 40.00 116.00 40.00 117.00 39.00 117.00 28 6.6 1972-07-28 60 1970-09-13
39.00 118.00 40.00 118.00 40.00 119.00 39.00 119.00 20 7.1 1972-07-28 61 1970-05-25
39.00 120.00 40.00 120.00 40.00 121.00 39.00 121.00 13 6.4 1972-07-28 62 1970-07-29
40.00 112.00 41.00 112.00 41.00 113.00 40.00 113.00 17 6.7 1972-07-28 63 1970-07-09
40.00 113.00 41.00 113.00 41.00 114.00 40.00 114.00 27 6.7 1972-07-28 64 1970-01-24
40.00 114.00 41.00 114.00 41.00 115.00 40.00 115.00 31 6.6 1972-07-28 65 1970-01-24
40.00 115.00 41.00 115.00 41.00 116.00 40.00 116.00 19 6.6 1972-07-28 66 1970-09-13
40.00 117.00 41.00 117.00 41.00 118.00 40.00 118.00 15 6.7 1972-07-28 67 1970-12-30
40.00 118.00 41.00 118.00 41.00 119.00 40.00 119.00 20 6.7 1972-07-28 68 1970-05-29
40.00 119.00 41.00 119.00 41.00 120.00 40.00 120.00 19 6.5 1972-07-28 69 1970-05-29
40.00 120.00 41.00 120.00 41.00 121.00 40.00 121.00 15 6.5 1972-07-28 70 1970-07-21
41.00 118.00 42.00 118.00 42.00 119.00 41.00 119.00 16 6.7 1972-07-28 71 1970-12-30
